-72.0078
66.207
-9.03166
17.9202
16.5689
38.5041
24.168
-185.849
3.2808
-41.1791
-59.028
179.251
-134.309
74.4704
59.4788
-145.576
-28.7388
42.4658
-115.087
129.593
-43.9058
97.3032
180.226
78.0061
17.7414
-17.2518
36.0553
91.5305
-83.6221
8.97913
-15.6892
11.2342
-16.1722
12.2594
8.92868
-115.159
-22.4515
166.94
72.2456
140.953
-116.126
-90.9725
48.0335
87.8347
-66.8537
-71.2001
-26.2221
23.1698
90.6148
148.765
41.0582
4.81247
-82.9553
54.7466
4.92814
-65.9893
36.5165
174.643
42.8748
122.418
148.359
11.6953
93.0816
103.52
-150.266
135.173
72.8227
-27.1338
24.1009
97.5884
21.8059
54.2654
-7.74892
-109.126
60.7474
2.88435
110.182
122.765
28.4418
58.8066
21.5712
23.6947
-8.14184
98.2255
104.134
11.073
238.227
52.0708
47.9611
58.5695
58.4409
-58.3358
41.8333
21.2926
117.869
136.241
216.269
-56.7325
-47.3989
78.7338
103.904
22.981
-0.0995447
43.6439
161.838
160.673
31.1441
-101.539
-26.052
-9.06242
66.9137
165.933
-14.31
23.1896
50.778
17.7627
-47.1494
12.2407
90.5068
65.6473
24.9722
42.8408
49.6701
175.637
-102.695
109.827
109.494
15.9178
109.446
4.72815
97.7203
84.8297
257.306
35.5463
135.072
41.8072
97.1739
109.122
130.659
83.8843
199.874
-2.4283
147.282
197.97
-21.235
136.988
130.615
144.391
11.6783
122.385
-28.2418
16.1697
29.112
6.21024
117.439
61.1346
209.972
249.247
179.698
18.844
24.8791
110.976
116.609
123.539
-59.6277
103.699
17.3551
123.549
-104.26
49.0557
39.2582
192.1
97.4689
-3.16784
78.5545
96.8384
159.975
65.1454
59.5658
27.7219
59.1481
61.9753
47.3793
98.9018
249.182
97.3732
207.098
29.6517
86.2183
156.058
59.1038
-3.67082
53.0664
-26.0082
47.8899
161.044
235.731
191.038
96.8419
128.605
-10.0466
-2.96561
43.6621
-101.341
-7.95468
47.3573
47.9894
122.719
160.759
129.817
41.8103
179.338
147.419
67.2928
59.2918
28.1868
124.018
16.6723
-85.0155
3.61824
9.16451
72.8817
-97.4529
97.4536
-40.9997
69.737
28.3693
191.93
54.4056
-25.5295
86.1836
129.794
101.983
98.1833
72.3807
16.5638
36.9508
142.235
136.29
218.819
-16.3363
4.34079
-135.347
172.824
85.6782
138.751
-59.0686
22.2197
-13.7909
15.6399
97.5052
97.9226
-38.9462
112.023
4.21575
-91.3251
-52.6753
5.26422
111.97
18.1782
69.0469
99.932
173.039
-28.1557
22.6336
212.168
-87.9299
-9.91728
84.3092
160.323
-108.461
9.31292
34.5223
96.8922
-65.2892
125.385
-59.0231
153.843
-1.94984
3.94378
128.623
160.118
61.4694
61.4825
129.509
68.0966
41.2004
-33.4781
147.5
34.4102
12.4389
166.937
-115.263
164.591
15.7274
86.9728
-34.4235
43.8191
44.9163
24.886
3.0914
128.231
41.8131
-19.622
109.747
41.2902
148.161
94.39
188.098
34.9775
5.39034
167.014
122.296
48.037
103.28
29.0407
205.488
136.889
-8.00312
4.97167
66.6019
73.6015
46.6341
65.8435
134.484
60.2642
-77.9841
55.1707
28.9165
124.347
-60.0405
28.7355
176.678
72.5902
104.713
118.01
172.605
18.1232
134.403
44.8575
248.043
-0.368629
71.4115
16.2048
-12.7837
74.2769
22.6495
-7.26748
60.2654
85.7825
153.196
-78.0637
59.5529
105.403
53.808
103.311
-9.13653
141.398
-64.1834
160.365
40.2656
153.815
11.3947
49.1277
61.1118
60.7803
-21.4159
102.984
240.026
-40.2846
166.102
49.4214
71.5795
36.813
-22.2634
-15.6602
33.6125
16.6279
121.926
61.8992
-20.786
79.0726
-65.4274
95.4972
86.4751
-46.6177
110.512
42.3177
-103.186
9.98149
-16.0066
116.13
3.03662
77.9498
-21.097
-216.199
10.5093
78.838
142.643
85.3408
111.088
17.6669
122.92
110.58
104.206
-46.5897
-40.6502
116.005
40.6478
42.1925
-40.3509
66.4225
-81.1307
142.476
-119.7
-2.67074
104.139
47.3811
60.2069
117.329
73.9491
-1.8609
72.2549
-65.4984
9.48512
50.0093
22.4431
53.8539
-192.039
34.9483
96.6536
104.035
-40.3919
-73.114
36.2069
47.6001
18.835
85.2461
62.1696
72.7485
-71.6414
-132.829
-159.27
-122.128
-13.986
-165.564
59.5409
-85.7602
-1.45437
29.973
145.592
257.592
116.811
4.88427
-34.0466
148.791
104.142
-110.808
-7.64869
36.3149
28.0048
129.214
92.4367
141.067
23.7381
65.4107
134.979
148.637
-8.85036
-115.813
33.8663
17.3316
110.335
-0.0509067
-40.509
85.8882
-108.52
22.2457
71.7238
28.1298
-106.586
91.6205
-53.7125
41.1676
8.85652
97.6966
-309.529
-15.3191
47.4187
97.2232
41.084
266.782
92.25
-52.3247
91.4976
-53.1685
35.0065
206.404
-45.4823
122.879
60.0054
46.998
173.557
41.1114
47.4758
165.49
-9.30181
31.8055
215.19
61.284
85.0894
72.4632
141.641
229.859
16.1143
28.2696
-71.77
16.0484
103.933
-97.5698
154.207
22.2837
116.65
115.73
123.968
138.129
59.9333
-13.9242
66.2943
145.787
216.31
87.6319
78.0986
-20.3237
141.865
91.3825
60.2124
154.256
172.7
122.258
22.1865
59.1073
60.1342
154.114
72.5114
-21.792
287.461
28.5354
-21.774
110.169
154.181
-78.1161
-9.17511
160.49
-78.8067
60.104
29.2692
78.659
-50.8813
41.2523
135.329
20.2176
9.66036
268.304
135.325
28.5079
254.7
110.151
91.2986
59.1439
110.178
78.4839
-110.848
98.9006
208.017
134.641
-61.4903
23.7559
236.452
92.6327
86.5905
49.6138
53.6247
47.2854
-15.0519
178.641
-65.5239
97.8295
58.9423
-116.059
103.715
122.739
-52.6447
-2.92707
73.6189
103.581
-34.3799
15.9162
117.742
159.92
28.4808
18.7449
-9.32975
154.246
34.977
160.1
-216.478
40.0722
22.7919
-9.1178
-160.081
-0.708652
48.1223
80.2511
47.2583
185.504
146.545
78.7216
78.6597
-7.90414
122.819
53.7348
3.12432
-78.3803
90.3126
59.7829
41.0088
-15.605
16.8505
69.3903
138.044
230.334
235.77
158.597
109.262
7.59617
235.094
241.874
122.226
117.034
141.563
96.8041
236.05
5.6426
84.9568
91.2316
-21.8001
66.1057
147.85
72.373
-10.2013
103.787
118.288
-20.3667
47.2667
-141.865
143.685
185.442
361.39
160.9
141.481
140.389
97.4825
128.946
-15.3948
185.433
191.737
314.981
143.093
47.1879
40.3895
-35.1922
40.6656
94.7877
84.9041
135.413
210.851
29.8277
135.354
129.143
16.0712
110.058
28.3177
148.594
66.2692
59.6014
2.54445
166.69
-53.882
35.4476
92.3135
78.5608
254.497
205.005
34.4377
116.063
248.514
123.812
263.653
141.397
141.387
114.214
129.658
197.952
151.464
157.466
146.397
-14.2868
287.097
78.1402
122.947
148.404
255.566
165.816
154.127
-46.7256
-21.6983
-91.0132
27.6485
97.2653
90.3348
47.0481
-2.07144
160.951
28.1879
69.9188
223.214
-98.005
109.017
72.4544
8.77731
-52.7777
109.853
30.6191
249.78
216.648
21.9385
90.9558
42.115
140.821
216.871
-229.489
16.0147
-35.3805
110.837
-72.6795
122.37
55.2859
215.815
41.9996
298.531
154.183
140.82
47.2718
141.923
210.281
154.689
248.615
122.86
97.2571
52.4907
15.5115
-40.9267
-35.3382
-109.002
172.594
177.38
103.024
37.4891
65.7297
65.4836
134.566
3.05997
204.503
-16.3136
-95.8443
185.595
115.413
91.603
72.1363
-44.3444
71.2328
66.0388
34.2046
146.777
59.2909
185.835
28.0034
138.604
191.906
15.2162
-22.281
-122.878
122.181
110.417
21.4069
66.1136
48.2338
-78.7442
134.918
-2.71952
68.7486
-28.6492
128.422
59.315
46.7432
65.1241
347.572
-102.702
-28.5581
222.345
-5.55719
-133.667
147.611
141.694
70.583
254.2
152.042
23.1476
47.3293
34.6582
159.279
27.8115
55.696
247.981
134.972
96.915
96.9103
115.758
179.032
286.817
153.124
-89.287
92.0459
253.959
292.984
130.031
141.094
229.598
-91.0802
235.465
229.702
217.078
65.4791
-60.1296
86.0582
-3.41987
128.87
153.37
58.2807
109.217
135.78
-3.62813
103.104
-65.9077
-203.714
79.1177
-146.32
285.029
8.30625
-9.16083
65.6762
-77.7658
-47.6731
153.429
40.3615
8.81376
-3.17567
78.8282
188.13
8.77382
-16.2021
-47.0249
79.2197
-161.089
-28.6282
229.645
153.328
47.0599
179
102.978
48.732
185.513
131.542
27.7893
35.1799
-17.0125
60.0773
42.1158
16.3994
15.5788
254.474
247.916
-66.7369
52.9359
116.682
-91.1726
48.2522
-27.8423
143.04
179.13
98.5926
18.0669
102.924
34.3881
-90.1209
6.63887
-113.822
53.7392
-198.086
121.78
41.5327
103.341
-124.315
-166.595
210.271
-116.713
102.831
34.1029
22.0742
54.325
45.7127
101.59
-16.4679
53.7208
141.945
79.1869
52.1823
260.031
-9.84172
41.0013
197.984
130.703
-72.2317
59.4953
140.585
-66.7955
205.218
92.0854
-211.49
172.65
110.072
-15.6052
-60.6261
96.8486
153.979
-84.5485
-89.6526
-53.5728
34.9011
254.567
-109.434
185.829
90.1589
-10.0909
-21.9081
78.887
-91.6692
-85.5496
-27.6006
58.7603
110.676
178.227
198.779
304.354
59.5267
-112.086
297.549
117.076
-1.94096
-66.3095
97.4096
273.413
65.876
91.4482
278.693
-116.428
234.723
160.586
18.5131
28.1033
78.2962
36.5306
99.4196
159.268
-46.631
-21.7963
65.0167
197.403
-56.9457
208.76
54.6611
184.927
47.7106
-71.9057
9.38981
-82.714
34.5746
380.229
266.093
9.01688
28.4259
-79.422
364.314
206.371
53.7445
68.574
2.46354
11.4584
190.533
-65.7694
105.591
122.712
-110.661
96.2133
-2.24277
284.818
198.632
21.462
59.9277
-160.283
207.715
361.246
-97.964
273.397
197.894
-191.189
291.623
-254.095
143.93
65.8318
-3.09948
-15.6823
58.6922
64.8095
-34.3897
187.301
109.89
104.111
329.59
83.069
141.271
34.0604
33.7771
34.5138
141.42
-2.89965
-95.3196
71.1046
-34.0853
22.3832
-84.7616
27.2194
97.3693
128.763
22.4276
-212.287
28.2894
-9.05405
-153.116
21.9054
-21.6044
-254.689
97.6122
92.0679
15.2207
-26.8603
198.38
72.4694
-36.6669
122.324
291.976
146.662
222.47
60.5241
3.32729
22.8103
60.151
-122.652
28.4473
97.3779
78.2044
155.977
15.3866
33.6472
63.6132
-66.917
90.6014
3.26944
-191.532
-185.256
40.1582
-54.666
77.6401
-78.526
154.96
-185.463
171.63
109.631
66.1924
-59.7146
215.946
54.7508
128.915
269.392
-75.8842
67.4508
72.5889
146.822
83.9535
52.7298
-209.979
60.6876
84.3511
392.467
185.494
65.0049
-37.0419
80.0621
-172.574
-34.2262
468.237
128.989
103.105
34.414
-28.1252
47.4378
-16.1496
78.6896
116.48
54.1762
99.5767
3.12713
398.265
47.9555
138.657
147.22
8.74064
184.735
-73.1826
72.398
335.651
155.134
128.67
-3.69467
57.6989
15.1917
176.846
179.416
128.458
3.78125
119.641
166.757
18.3931
291.851
-72.6254
102.428
209.804
262.053
-29.087
85.8192
-4.32715
153.065
341.439
-15.0127
209.606
46.6138
71.5494
292.019
165.708
341.962
67.8924
171.573
8.6051
361.805
103.57
85.1072
203.405
326.536
354.588
335.298
-71.6435
179.68
123.063
228.862
90.873
66.6463
287.456
249.306
184.764
260.243
160.828
-22.0834
-34.4958
454.968
229.014
216.9
79.3862
-32.5044
-15.6802
-141.433
269.056
303.525
71.9233
222.432
109.951
53.707
160.14
161.085
328.672
2.70078
253.362
-35.3926
2.12235
10.153
153.23
-148.528
47.7246
172.587
260.967
261.007
8.68148
-13.1333
34.8417
0.592367
78.2245
211.331
84.0029
-203.178
128.968
21.1752
110.836
160.402
102.352
-4.16646
146.63
-47.3779
-104.585
172.04
172.288
198.792
71.1491
-109.706
148.055
62.0026
72.3831
102.874
204.494
85.4945
137.393
-147.076
-83.8397
46.105
-215.718
-91.3763
-104.004
28.7356
-85.8261
-110.147
22.1374
3.87037
27.2497
78.0033
85.0601
-109.324
-17.2146
134.758
140.465
22.0158
324.482
60.4234
14.3956
153.846
33.5836
303.496
-54.4815
-114.76
165.812
102.508
-15.3107
-52.3824
-52.8158
204.304
109.065
316.237
10.1964
160.355
80.9569
135.703
-84.5477
259.647
-185.508
78.083
78.0383
-424.761
193.111
72.002
27.4902
-21.552
-9.09487
204.727
103.135
14.6488
-59.638
-85.0227
-90.9724
53.4866
293.408
14.6864
-41.7795
-140.463
90.1414
-91.6896
60.2658
34.3265
133.432
272.581
17.0308
-72.5342
-159.9
-8.90967
266.132
231.483
-45.4549
197.358
131.884
-92.0769
128.458
-129.34
135.893
127.988
-13.2232
159.157
152.87
-7.95122
-89.2432
-97.2397
152.439
-140.773
85.5064
122.325
161.2
59.1452
70.8692
-91.1515
77.6006
171.635
152.79
-54.4208
-192.952
-15.8824
-104.677
-41.7128
115.109
-117.549
254.548
-127.769
32.1865
65.1478
225.251
-9.93014
-66.9304
39.7311
63.3092
-106.004
21.9764
-103.792
-128.417
285.369
260.961
260.157
-98.0292
36.1862
9.44135
285.112
209.414
27.3749
20.7557
110.464
53.5882
90.7949
22.1572
41.0961
196.876
54.2238
91.6656
272.265
160.625
78.3388
-15.5055
480.086
-41.3919
66.3797
-25.8116
318.182
132.395
148.021
78.665
35.2064
147.386
153.335
92.2131
34.0314
177.829
-249.142
124.718
53.6903
-110.644
96.4057
129.211
222.964
72.3512
129.18
8.30603
159.266
-23.1297
-211.372
33.4743
39.8083
153.347
171.522
-127.465
-10.2438
-84.4462
141.09
65.7409
-75.762
77.2813
-34.2146
22.8109
-28.2181
254.4
160.396
-41.729
21.1061
9.10286
172.718
222.768
267.065
116.445
-192.389
-29.5498
-60.1283
34.3178
-82.6575
-10.0838
-34.768
184.885
9.13115
15.2973
197.855
-192.861
-42.184
-122.353
34.4168
-3.55059
-158.271
94.1023
147.05
140.008
155.669
-172.06
-60.6999
33.9625
96.3929
-4.25625
83.5636
-23.4472
36.7479
-111.086
215.567
-3.772
58.6347
131.109
104.441
39.7394
123.327
-27.4366
42.9153
59.7823
85.2021
64.6706
-42.3102
-3.44895
-179.841
85.0682
-55.1667
-47.9707
190.569
-54.2726
-22.7179
-193.057
140.283
115.399
-152.146
144.263
-28.0222
203.382
79.0018
-16.7723
306.907
15.7616
210.716
8.08452
46.4807
41.2864
129.056
121.183
3.92252
108.52
188.337
-209.576
-31.5053
148.025
-22.1288
-3.56511
-46.9823
46.4901
66.275
96.6222
83.2692
137.639
36.4071
158.913
68.5852
152.894
-60.8785
20.6548
89.9287
20.9776
-15.3254
298.287
114.778
-230.523
229.475
45.6752
141.037
27.1815
-299.726
-113.777
119.093
-79.6111
235.53
54.1033
181.12
204.281
85.2413
-45.1296
-93.2581
84.8939
85.3154
178.37
141.327
234.527
58.6834
-92.2287
-262.31
-147.772
-35.4204
128.327
34.8654
171.218
-2.90207
140.721
64.9662
218.509
46.0167
-76.7993
22.4551
-147.184
-129.301
47.2902
40.019
160.482
14.223
-122.287
-106.796
14.3708
154.34
-54.9288
4.98054
97.1169
77.4176
525.029
154.587
14.6938
102.565
191.49
-28.4206
215.186
59.6608
100.283
40.0905
261.335
219.723
204.564
10.3858
76.9815
191.186
-99.307
32.1138
-47.0422
136.03
293.96
248.85
-53.7273
77.1106
-166.643
84.5523
141.278
336.338
16.5757
84.9016
292.454
-98.5084
366.286
160.743
267.448
278.54
160.334
117.657
247.121
53.5436
140.211
242.137
248.618
59.3044
-23.3476
83.3169
-61.2342
134.589
47.4055
21.107
204.359
122.671
20.5819
-53.1981
-203.803
203.079
229.389
77.3798
102.251
110.225
134.993
468.725
-129.96
-34.1491
7.96921
222.387
-92.1883
27.3606
285.346
146.526
228.424
68.0935
71.0999
-14.1194
-140.808
338.18
-17.6315
328.579
242.164
339.231
91.6846
-106.415
33.6163
230.043
65.8827
103.233
124.425
91.2277
150.327
9.93652
21.4832
262.869
267.729
178.821
-42.3466
337.981
147.82
253.354
47.6117
77.6984
71.1443
-126.267
2.55537
-34.0051
71.3339
60.2688
92.6518
230.232
-85.0515
-10.5839
66.1817
39.9752
116.389
16.269
-34.9703
86.8606
347.769
43.6126
109.681
91.9476
-23.4216
53.8593
96.4269
168.17
193.871
209.521
46.0054
104.048
240.844
203.233
58.6562
9.61889
136.093
204.335
-167.858
145.845
298.005
-148.113
-34.8576
59.5408
27.1203
97.2345
8.10924
317.682
165.746
144.288
1.45941
254.613
83.1543
84.3505
-266.346
109.294
202.154
0.131975
94.5154
-34.8906
122.798
-45.6734
63.6823
66.6036
35.0644
271.454
-45.36
58.515
280.337
116.446
-16.4214
78.4503
46.8384
-142.392
145.98
-9.11011
297.367
166.877
222.147
114.806
163.523
22.522
203.125
-72.3793
198.275
160.991
204.187
-89.2108
161.973
-40.2503
166.562
-216.83
129.048
127.424
122.55
30.102
122.911
190.677
248.416
137.829
299.794
66.3874
-122.934
-48.4888
90.0002
180.097
21.0297
165.608
171.872
135.148
254.759
208.997
10.0054
120.365
123.455
21.6313
78.6495
3.0322
91.4665
-22.9677
-130.08
-71.7005
-178.877
34.6557
-235.418
92.428
-54.6136
102.858
77.9063
-16.266
264.124
3.39712
311.506
-21.5151
72.0677
87.1246
196.537
-41.1108
-28.7068
-104.558
122.127
28.4567
167.314
96.7033
-59.1782
28.6153
28.173
80.3889
141.067
27.612
64.8198
-58.0237
115.644
116.894
71.2054
44.7392
-34.0874
91.6946
228.475
-5.1546
33.5572
83.3833
-60.6168
141.488
9.34543
-66.5009
89.8635
134.398
66.1321
-50.2885
-114.792
33.8427
85.2045
-65.7503
41.543
384.718
201.95
58.7587
69.7471
171.533
17.1151
-10.4621
-47.8716
174.199
98.8988
-84.3751
-67.1028
-15.0871
-4.25927
-28.5724
78.5543
97.9983
128.456
-2.45526
-29.3799
128.628
59.6529
45.3781
28.3891
-53.3757
-141.225
66.4663
178.123
-91.014
-109.596
128.896
54.0132
185.524
-27.9085
35.5776
104.388
-48.5909
-4.19541
28.446
9.18251
54.807
-53.236
-78.7304
228.807
8.59381
-152.316
9.62875
84.7735
198.017
-84.5892
78.7198
-21.8238
198.082
172.08
41.0061
264.898
286.05
229.285
148.098
-46.9561
165.18
99.9288
72.2947
28.6757
70.5252
-142.376
-91.5598
47.2478
90.7112
90.6
-108.547
-16.4204
68.4976
84.6717
-59.5248
172.951
9.58555
-57.3328
-4.87204
-73.0418
-236.196
-154.579
-23.0278
-78.3826
-167.033
78.7248
147.827
-86.2908
-172.637
-9.23353
54.9415
88.9274
97.3336
9.55014
171.644
-2.98787
-9.24599
184.426
253.93
188.897
-65.8206
47.2818
20.9007
-4.34317
217.118
171.954
234.667
171.167
-3.92524
8.18623
-134.937
21.4372
47.2786
44.1129
40.9907
54.1085
-15.9892
-4.79246
-97.8362
322.611
154.712
22.138
-90.9559
-224.673
324.017
15.8512
-2.99844
110.134
91.2497
71.4106
40.9842
122.257
110.381
78.4416
103.812
134.261
148.982
225.49
183.723
125.429
271.848
-40.7061
228.59
-40.8601
84.9593
129.563
15.8385
3.10835
91.2374
-23.1331
103.802
-292.505
-172.727
20.7912
40.9486
65.2444
-22.2304
-2.88292
80.9571
-65.8502
147.777
154.087
273.451
367.167
110.056
78.6513
78.6573
34.2727
139.878
154.055
216.299
78.6506
135.521
128.596
-159.769
33.3382
128.915
140.326
102.793
198.147
122.667
-2.90531
51.0779
-152.921
15.8095
-128.698
102.169
150.202
215.425
-128.721
91.2252
68.5306
178.95
-38.4586
9.6016
-46.9511
141.104
117.6
-9.31335
-222.856
78.6362
2.34827
85.5237
122.607
22.1275
35.1199
119.117
40.9055
34.0515
41.514
71.8448
103.789
-103.404
185.433
167.021
185.502
52.1687
-74.891
203.116
-40.7859
-58.0402
305.465
134.575
9.55403
28.3384
121.878
15.0174
127.638
51.8278
-10.242
-84.9257
223.092
3.22708
41.4111
229.724
-15.6763
71.4856
228.225
158.38
370.987
-142.588
275.273
110.151
-29.0822
-3.01036
101.733
260.349
15.3722
103.784
286.14
46.2794
86.9038
108.224
166.51
216.171
-38.36
47.1675
108.926
-23.1181
-180.72
209.778
-9.41697
185.401
26.8931
-67.108
66.1018
15.7353
190.857
104.061
-27.3185
247.485
172.255
-28.8567
147.638
1.97269
-36.0753
-10.8011
13.9965
161.573
397.954
-67.257
114.87
184.607
135.126
-235.585
190.41
128.05
72.6588
141.509
-91.761
65.9921
188.807
212.035
146.311
53.3728
122.08
234.239
135.45
77.4138
128.1
97.3571
166.741
33.9085
-1.63389
248.378
-10.2966
144.388
66.0666
209.614
-29.5384
172.719
253.195
260.3
336.233
221.732
102.744
91.174
229.526
69.6369
127.75
223.356
159.139
64.7638
71.6635
-9.37819
160.384
-92.5455
111.282
161.577
-16.6927
-53.1942
9.92144
-15.0282
-48.5457
48.1217
198.968
-4.54274
242.071
87.8561
253.422
204.09
-72.1462
273.525
224.846
-9.45907
-129.049
103.01
149.208
78.5942
39.541
266.725
52.0545
-34.6178
215.335
145.873
259.665
-128.699
-42.9616
-40.8858
-28.3847
341.111
140.231
233.847
182.89
217.015
177.84
134.896
-9.76567
-72.1497
171.124
-97.1625
178.606
65.8665
158.392
-29.0593
248.569
97.6584
70.6441
140.566
171.322
116.165
89.0404
324.007
165.697
-22.1268
279.204
141.442
286.07
41.0566
-21.9052
128.993
15.849
135.045
83.6624
99.2279
116.074
58.5777
186.015
84.7783
344.492
42.7168
130.998
90.3915
-65.9026
210.702
203.398
272.936
240.74
46.9529
212.132
210.201
332.555
126.653
-34.5762
122.647
166.689
80.0954
210.451
304.651
75.1207
97.3971
-283.61
158.705
158.729
166.4
122.891
121.056
93.3417
-84.8496
121.4
134.391
329.773
21.767
198.874
198.224
203.691
72.2664
82.2905
271.66
166.698
125.461
3.07772
25.0975
320.399
84.9095
67.1513
260.891
210.681
147.561
90.939
248.381
108.571
172.983
141.166
81.7848
76.9626
254.731
-46.9335
236.695
241.319
90.8811
198.039
120.911
147.318
135.274
-4.33641
191.824
266.822
78.6857
139.522
177.375
78.6525
171.429
254.66
-16.3048
116.424
353.864
178.588
147.805
430.49
387.024
185.282
324.005
-53.2193
347.132
-92.3473
335.192
28.4463
134.757
133.453
196.977
185.337
122.923
73.3162
108.083
233.54
173.345
342.369
33.3636
95.8628
212.255
68.7924
72.0597
255.012
348.645
45.632
154.073
2.11337
-146.253
252.773
322.907
240.164
264.019
171.578
-16.3779
78.3556
95.7381
72.2668
186.349
172.412
-10.5569
28.0267
6.83013
250.048
3.30739
116.334
59.8434
166.496
72.2846
-21.8352
133.577
84.6185
97.1155
49.7806
116.598
122.456
166.287
41.0645
-3.19375
141.035
97.6105
34.1562
59.7907
95.7299
10.5256
158.316
-8.97133
20.3555
160.351
-40.8143
259.361
56.2086
51.4781
-135.122
-12.8986
228.843
122.22
291.582
-40.0683
158.322
45.3711
140.402
259.078
147.361
8.20379
-17.5594
322.564
226.994
127.185
184.118
267.044
148.136
33.6871
188.667
14.9859
96.8433
109.123
322.804
154.859
147.256
210.134
-97.9563
64.0384
-67.9779
14.7858
223.38
172.533
147.865
-59.1501
-2.19088
116.259
-3.68421
72.3167
91.196
-17.4715
248.308
136.435
115.155
-4.21359
52.3774
170.957
127.643
-53.1014
65.617
135.595
53.4677
-78.5246
-89.9509
154.969
72.2762
-10.0975
99.1806
10.6043
78.5954
-54.7061
95.0372
-65.9465
143.021
86.3624
153.477
-123.628
215.721
222.712
-16.835
86.3531
155.466
-129.739
-23.15
-16.8533
109.933
29.4212
-91.0297
95.8766
64.3491
247.308
116.179
25.7746
153.705
141.789
151.633
59.5844
223.078
96.2664
234.873
178.842
133.306
53.6075
152.392
78.273
212.778
227.673
145.534
172.352
70.3859
-91.3396
-48.0009
259.093
210.599
147.847
-124.073
172.376
28.493
209.481
191.86
34.5503
127.773
166.363
65.0739
63.781
254.219
213.051
-9.76177
133.261
-59.4921
84.403
58.1539
-259.047
259.584
130.506
195.109
108.056
72.8358
-4.54948
178.087
258.763
322.899
151.686
227.684
83.6059
252.476
159.932
268.425
59.4339
141.081
211.394
236.443
95.8912
-79.2326
102.942
-17.4611
-135.212
184.302
84.6951
183.572
6.6995
259.804
64.0808
222.109
230.239
111.013
-34.7141
178.851
284.886
78.2595
114.675
32.7225
-41.3073
134.92
87.8888
-4.08842
122.236
33.501
33.3567
89.3153
152.999
342.172
202.764
227.096
-16.3204
259.734
203.773
127.58
216.233
91.1309
-3.58666
202.971
166.204
146.615
115.084
259.287
34.6514
-40.4843
96.5107
126.641
46.1926
128.217
-92.0196
41.0532
-30.0036
-72.641
8.6608
95.8348
234.985
-24.055
315.551
101.626
75.4357
222.954
-73.2366
46.2512
101.632
153.367
240.599
278.414
78.7775
9.90166
39.1386
284.081
99.762
234.035
-46.2797
190.124
274.552
-48.2958
163.885
225.278
7.91031
202.974
242.361
216.068
123.039
148.459
95.9089
353.825
-4.38189
90.4723
39.577
196.784
-2.65975
342.062
67.2797
7.57758
90.7375
103.031
254.112
-15.9774
103.079
304.279
152.181
290.74
185.085
115.029
316.921
393.031
-33.1255
-64.6782
178.808
64.9506
153.641
166.168
59.0673
-99.0726
197.499
120.528
102.027
222.062
135.244
254.955
158.752
-105.01
165.95
-8.61534
98.7944
195.896
196.746
27.2866
39.3346
136.226
-67.6103
-130.59
104.243
-30.1614
51.6924
-98.8501
119.536
319.341
208.924
39.6176
-8.63551
158.81
-52.2264
122.088
217.695
157.245
83.1326
80.0845
203.034
151.944
-3.43187
-23.467
252.862
-41.4915
147.666
-16.0794
127.039
64.5358
60.8196
153.818
292.642
34.0268
32.5786
-66.258
-161.005
-86.8897
217.046
46.6909
26.8475
-31.6655
329.264
34.6001
78.9474
3.90321
83.0249
28.5066
172.251
-141.786
96.3438
248.282
35.4512
146.844
35.3287
78.7319
-16.0721
60.6839
256.757
165.424
166.197
116.517
152.016
153.961
83.2149
159.012
204.042
164.773
-91.6472
70.948
41.0484
95.1051
147.293
58.2546
28.4416
214.882
39.1466
158.564
139.819
177.457
366.449
328.044
34.2147
133.632
5.62693
41.0099
45.8106
367.322
-5.12534
106.799
115.603
143.718
71.4434
121.126
91.8415
291.272
51.5915
142.914
166.135
142.005
107.928
222.773
109.742
228.424
-41.4567
133.835
142.874
132.396
190.022
-17.3647
305.086
115.5
223.058
-53.1476
208.791
185.285
315.442
191.348
-14.2642
60.6944
159.256
232.634
159.952
190.065
41.541
-40.957
103.087
328.882
254.415
65.9438
71.1507
37.7478
258.824
170.837
366.483
121.488
139.335
227.927
209.311
115.863
178.543
216.512
191.245
196.847
-41.4876
217.293
-236.018
-71.4937
147.62
140.703
190.087
113.373
204.203
153.212
127.747
-284.542
197.813
177.155
151.939
14.2291
26.346
-18.3228
77.2984
265.655
114.214
279.51
91.0178
-50.4383
208.643
292.16
246.999
2.93933
254.18
14.2589
217.317
101.931
83.3221
79.2761
53.6815
228.987
71.6443
116.404
23.1477
210.143
59.7824
130.307
217.747
303.838
335.891
160.413
143.039
196.913
115.461
-33.8072
227.959
-2.39048
33.4649
28.8405
-91.6202
96.91
3.7785
34.6926
249.995
73.7842
277.423
-10.8868
170.907
237.286
-79.0732
-141.546
-47.6878
380.025
-4.18137
102.486
161.746
159.385
106.908
164.424
57.7034
184.808
-16.074
280.137
204.021
115.907
171.76
145.825
95.0609
2.83044
56.7754
30.1794
133.471
58.8126
209.375
13.8609
136.443
-12.2862
184.71
109.713
47.8379
-3.89512
146.77
-79.6283
72.8438
76.9103
152.518
255.126
151.586
323.641
26.8293
52.3524
33.6633
172.577
101.134
-96.5787
21.2273
294.376
183.94
-10.5746
64.7829
77.0982
177.739
108.895
127.407
-54.3876
122.542
240.739
227.659
122.209
248.573
1.59173
127.117
-46.4611
14.5984
-42.3056
-48.9647
89.2414
39.5851
57.8278
84.8521
139.383
20.5797
33.5064
175.5
71.327
267.285
133.683
9.30423
20.7228
140.591
272.077
71.7476
141.35
-136.229
89.6117
322.231
-60.1408
153.834
53.3108
88.0468
129.355
-9.85637
-41.1239
128.392
96.2977
133.452
210.465
166.282
57.8196
153.844
129.058
204.104
166.22
209.94
109.096
206.545
7.73991
101.571
47.3107
197.615
205.111
-93.7259
96.2241
323.585
71.6531
-10.875
140.973
4.84849
-4.39875
115.327
116.451
373.036
147.623
296.606
77.5064
143.205
120.646
64.4672
-85.1225
185.3
33.9932
165.703
145.695
156.505
122.423
112.64
-146.332
-35.442
-98.4748
170.493
119.678
177.935
-86.6751
147.085
33.4251
9.12963
-34.964
240.534
132.59
36.2397
-54.0806
29.0275
-46.6436
64.2243
-3.09593
159.592
126.159
78.724
-41.097
141.07
208.548
21.4154
2.91019
97.3157
30.1702
-180.451
111.554
8.09322
77.7246
159.279
27.9984
80.7174
139.976
31.088
121.437
116.002
107.452
46.895
99.0508
27.095
213.497
190.45
70.9491
90.3542
146.504
33.4436
22.4804
9.9001
53.365
153.584
74.5765
156.546
14.4829
116.039
204.02
246.488
-116.63
102.625
-155.877
122.316
8.22838
-29.4221
74.8939
140.055
155.78
359.5
76.1098
-5.59899
308.132
144.757
20.641
-141.178
207.354
165.939
3.04187
38.4827
-42.3347
2.99718
-48.1496
114.411
101.73
-63.4136
115.854
-87.13
64.3001
15.9259
165.993
208.748
215.69
32.0076
64.8986
109.864
176.913
76.8333
66.5078
-15.758
215.168
94.5616
-48.8431
353.992
285.111
259.913
26.5249
12.7958
91.5668
93.7605
44.6988
29.6089
21.9591
50.8834
96.0453
-99.8697
-42.6878
312.172
77.5635
123.293
-66.0617
43.2063
106.435
-43.3494
-6.10748
146.397
153.743
39.722
-40.0327
-40.9422
71.649
21.1244
125.42
76.2358
115.029
-19.2658
46.8497
186.772
78.5335
-294.086
-176.301
171.491
177.586
77.5886
71.7205
62.245
8.11628
176.314
64.241
107.29
8.28997
96.7175
36.9396
315.08
154.68
191.396
127.847
165.615
90.7795
191.359
84.0821
128.371
84.9387
-3.53768
-9.2309
7.08505
227.751
100.869
107.984
-30.8463
186.473
200.346
102.563
46.4106
251.766
82.0205
258.812
179.04
-16.7236
253.68
197.04
151.79
-80.2522
58.2435
133.825
122.007
96.3406
57.7964
22.4966
20.6159
227.135
183.842
-47.164
114.874
-10.4336
-81.162
-11.2768
106.035
247.623
-22.792
104.619
176.888
196.474
0.39126
-125.051
21.6555
72.2821
-28.5683
102.592
-205.285
221.312
184.849
20.4688
-35.8749
228.111
-40.6453
34.0649
53.1437
134.321
77.6217
-118.335
65.5305
52.2753
209.966
76.024
54.526
134.652
-4.2825
96.3864
-53.0372
208.888
134.324
258.909
77.9918
-98.4155
-11.6883
102.186
140.07
165.706
-73.2581
-21.7432
97.4485
21.4433
235.327
-22.9764
119.458
-180.762
136.682
-73.3265
197.156
46.8966
11.3355
47.4821
84.9653
203.7
72.3427
183.398
-41.9032
-22.0435
-27.0093
65.4108
-59.5914
77.0207
109.703
-17.5382
-156.336
153.161
62.4238
-41.7803
-143.214
106.602
53.2164
159.382
158.54
151.733
-93.57
33.1361
46.2117
-41.2866
424.368
328.945
89.19
153.117
152.976
322.56
38.3697
262.791
-42.2206
-85.1833
124.674
39.3017
127.985
295.636
39.8471
77.6103
184.567
52.5822
-60.4987
27.2863
-85.0759
-183.497
172.436
198.596
97.0737
242.046
94.6744
246.253
127.547
342.108
137.782
102.301
185.211
59.2961
96.2956
165.357
235.501
113.237
71.7233
-67.298
140.207
70.939
202.228
62.5571
-110.449
-90.5222
-10.0516
-87.5264
253.607
8.27812
52.2658
150.599
-55.0005
257.379
91.4384
34.0172
95.5604
270.537
-23.7379
140.775
206.006
158.35
-36.1404
133.723
116.465
234.277
208.338
209.757
120.634
-153.09
3.70318
59.3678
235.457
160.527
59.089
-36.5485
360.913
123.99
249.455
100.942
228.939
96.0352
164.763
3.2368
182.181
32.3203
116.085
201.161
240.156
151.838
208.764
-24.0378
240.928
201.117
3.15568
397.175
264.212
76.925
-91.6442
147.809
1.28887
93.9165
38.3861
-48.8667
-5.99386
266.485
75.9471
146.978
-193.995
-68.9286
-67.6246
259.856
140.416
385.84
40.4215
171.883
163.676
243.357
-1.11345
247.47
3.64538
145.147
171.811
82.6882
148.384
252.889
169.76
94.6797
154.166
203.38
77.446
147.766
190.119
178.447
39.9709
94.221
129.758
165.943
179.654
191.696
140.59
334.243
51.5148
177.227
271.587
116.383
112.239
221.3
102.705
108.47
212.028
121.862
132.587
-87.7007
139.079
158.505
116.951
-112.069
95.229
252.423
178.739
-84.9501
83.9269
96.3921
147.508
-40.7455
77.0472
96.1555
91.2331
102.609
7.50264
-263.253
128.315
260.84
289.827
202.243
-49.6362
154.839
15.4179
88.7819
159.56
101.887
130.437
45.159
159.259
65.2191
45.3676
172.214
121.738
15.5786
-61.2937
32.9645
209.085
-144.481
177.089
121.158
-30.271
59.9098
119.886
21.0372
77.902
103.743
60.4067
12.51
178.436
1.999
194.165
-112.398
210.056
-18.3144
-88.3789
70.303
134.703
-68.8205
-29.3605
141.245
15.744
139.766
-47.4356
264.678
140.184
-137.7
216.464
213.742
1.09367
-4.07163
77.0584
133.293
-78.9096
32.8328
-35.9822
340.184
233.545
32.6247
-149.199
93.4171
63.3395
208.606
52.8579
90.4927
54.5173
143.094
201.034
185.286
203.522
-73.0759
140.771
-21.3448
-8.00959
114.36
-43.3188
-53.245
96.8583
0.730372
203.788
229.302
-23.9612
99.5139
33.179
188.822
-32.9058
-158.5
138.075
156.36
83.4658
121.254
95.6329
-74.8125
145.77
128.197
-22.9293
-53.9821
7.3274
297.134
116.299
260.493
58.9784
254.331
121.443
45.1707
-29.4133
93.1858
45.7593
277.874
70.1747
8.04239
87.1792
-4.54544
172.083
-41.2353
96.7267
-33.8967
125.546
133.301
91.7999
397.569
0.886139
158.306
-11.7874
-24.6034
45.1113
-187.119
64.1575
-11.3224
207.707
95.6888
302.56
184.597
74.0702
130.207
190.36
195.999
89.318
128.136
120.619
56.1733
51.2043
170.847
40.809
272.949
-61.4894
133.056
165.651
52.2297
-17.0156
107.868
107.992
218.1
126.786
285.237
284.068
83.0074
136.71
127.878
103.288
183.389
304.546
109.057
109.674
107.884
11.1453
65.9277
1.18798
-22.2275
240.956
20.8847
-87.2607
270.627
116.365
31.7636
-23.8409
107.818
110.31
329.764
56.823
145.533
91.7479
32.5081
120.153
39.4205
167.3
133.607
76.5852
78.1864
271.92
220.752
203.727
77.4473
59.6453
-5.65638
215.48
128.032
265.391
-211.057
-160.428
26.3909
-22.5106
245.357
253.714
160.702
157.494
-92.8203
116.009
58.5286
57.1013
51.3104
126.988
21.3017
101.898
115.464
109.003
-1.20887
154.163
106.885
246.232
196.051
89.9835
-90.9313
7.0458
145.395
261.797
168.117
183.696
-9.78931
172.247
-17.968
233.424
190.611
-48.6654
8.53345
19.727
146.144
153.474
-103.384
164.372
77.1989
176.889
62.4839
139.787
82.8853
249.09
-109.895
-76.3312
271.239
135.581
159.307
135.682
319.84
-48.6337
104.765
132.271
-7.61442
145.903
112.137
-1.17041
-48.1878
7.66613
-91.4006
240.984
25.8756
3.44229
260.596
-116.992
113.925
-10.3606
-42.8608
188.164
-30.3513
-12.6595
50.6568
-83.7839
171.548
-22.2692
104.403
99.3589
57.3643
-85.5727
82.4883
83.9076
88.5102
-4.89512
116.031
175.73
65.7494
183.837
125.627
-28.6357
-67.1763
-11.3094
177.3
-49.8712
48.125
97.6938
-56.6432
82.0458
18.823
20.839
144.871
106.927
11.1185
45.8481
-78.7477
126.301
49.9589
328.999
195.96
172.258
127.743
63.6306
57.7396
-48.3125
88.5922
-4.50199
-92.8804
54.2527
112.635
-22.2202
77.6392
1.33264
32.7915
170.84
128.599
173.554
277.979
2.01743
76.13
152.812
55.2478
195.807
26.741
59.4741
46.892
147.623
-181.101
60.2486
-80.6258
134.772
57.6192
-37.9355
-45.4668
134.333
18.1493
115.887
-91.9793
84.7588
63.8642
-21.7914
-31.7269
152.063
309.499
170.796
125.755
13.5636
83.0224
151.806
-18.6507
47.9349
38.1548
164.813
130.763
41.3219
-83.9874
-13.2402
106.276
214.834
-36.5555
25.5485
141.561
40.5004
199.466
83.7399
-89.767
77.9713
127.935
177.057
-28.1459
-118.135
-77.7807
-79.013
122.633
57.4834
-151.415
13.4939
207.479
169.837
142.95
127.118
95.0868
55.8442
49.8055
-22.7002
-22.2387
182.485
12.1798
90.2845
227.976
-101.132
-62.4137
-114.297
261.123
34.7033
259.031
128.651
177.039
-51.5175
77.9599
122.653
187.923
-52.7015
271.312
139.91
23.7877
87.5101
219.444
140.44
183.806
132.948
123.445
-1.44097
65.5805
84.7783
183.845
96.2234
118.147
122.044
90.6903
47.3376
-65.9605
47.6656
76.0163
-47.0671
90.1953
169.624
12.2231
79.2609
37.903
102.411
94.4166
-68.739
354.64
2.92444
-17.2715
102.744
120.601
296.694
5.78996
-62.8182
133.302
-99.4654
51.46
140.786
241.706
76.0502
34.5045
31.7529
247.485
43.2919
51.963
-62.5253
159.093
156.133
118.825
145.254
12.4218
175.47
111.368
77.5962
193.984
-42.4748
131.949
8.85777
184.982
84.7958
145.55
68.5969
97.4719
-3.19878
55.9211
105.855
32.0155
24.9526
77.2913
165.864
7.34334
150.856
27.0656
62.6755
151.917
12.0147
49.8298
25.76
-5.66946
-42.1849
195.667
128.248
39.9765
-118.451
-139.11
14.9924
212.436
158.522
114.293
157.796
151.142
79.7366
38.7559
-30.5248
93.9518
110.878
95.3361
78.8563
4.83455
-13.3227
-17.0236
146.869
129.725
-29.5707
200.791
-65.4181
-16.7404
-136.038
44.7049
83.6377
93.7781
34.5718
56.7708
134.142
84.2762
142.339
-60.4802
61.9375
90.5064
195.14
58.5326
37.054
7.02992
95.6708
114.785
103.619
119.026
39.0481
211.243
234.907
134.689
339.523
130.819
63.9347
157.941
-54.1343
-117.088
103.203
98.8762
107.368
108.635
-17.1421
225.909
379.625
11.8457
26.9865
159.289
45.3559
127.024
-17.8279
123.29
32.2026
2.63057
166.898
24.5302
108.157
32.2887
212.967
146.468
46.6947
55.4055
206.949
96.0309
106.239
-0.974918
50.1573
133.903
32.4604
155.782
-17.3849
134.332
178.295
108.48
7.36838
201.246
-10.1753
126.966
5.28611
57.3777
107.082
52.1933
124.436
12.1093
126.963
101.313
132.835
1.87058
177.074
221.042
27.3195
-28.65
193.965
70.584
61.6236
161.732
83.1012
-60.4548
107.702
-91.8796
72.1553
171.545
177.919
8.41445
220.497
34.4714
95.285
107.692
156.204
76.037
146.123
233.557
115.908
109.347
120.084
-35.2978
80.9094
45.873
27.5941
85.8999
149.274
37.1598
50.3828
120.036
190.668
107.269
137.855
44.4885
-28.9083
71.0915
65.133
-22.3371
241.071
111.342
99.4798
178.32
177.859
112.768
66.3221
3.85608
-22.3708
81.1698
168.14
104.007
202.116
49.3446
141.488
339.352
-3.45089
92.2982
52.4199
152.201
174.826
-48.7263
-4.53734
48.7287
86.3344
34.4829
188.533
43.6114
19.9646
-46.8325
-33.0727
2.46845
162.723
171.028
108.779
171.019
162.614
261.152
14.8812
158.339
165.309
33.4332
50.5832
33.5726
8.28846
93.0995
-11.6246
216.129
176.007
8.56623
86.8395
96.9329
136.095
-54.4435
101.381
122.292
43.8233
45.3802
96.0309
209.782
279.754
-53.0725
147.753
120.226
-29.2307
63.8045
32.6289
113.566
120.838
172.686
221.065
31.8842
60.2743
129.466
25.1686
59.9233
32.7823
196.046
69.9913
77.2305
63.8342
-12.0093
-22.3595
-80.3158
66.5108
-43.6683
-10.1329
107.433
34.8573
31.9712
179.292
38.0352
89.8547
75.9935
173.718
107.127
-5.16462
1.12254
-5.39928
101.351
71.6688
102.54
116.666
118.41
191.591
82.3216
37.266
153.608
28.1827
73.1298
171.656
27.833
62.7513
308.872
105.369
59.8335
148.55
158.184
153.858
69.4975
-17.1986
101.265
210.948
268.28
120.862
-41.8568
-4.04607
33.09
151.771
90.3306
109.449
83.5247
119.532
104.211
44.743
76.7244
147.236
120.166
41.7007
291.535
122.194
116.144
66.2144
132.472
67.1023
46.3608
218.968
137.865
95.2911
147.829
159.104
63.9451
69.635
172.279
164.139
-8.37459
65.2729
110.637
-63.2461
57.6882
135.477
107.44
-12.0591
155.872
78.8778
33.8465
82.8584
62.3727
121.989
31.9841
74.8261
58.6616
-69.2564
54.1017
26.7386
63.4958
130.803
150.985
-115.729
76.9463
119.357
107.501
121.1
100.1
82.4907
92.8674
141.391
-30.8056
145.476
88.4323
187.011
-119.359
76.4525
-16.5946
-87.718
48.9532
239.521
188.522
85.1377
196.116
68.2517
247.847
71.8577
52.4097
105.321
60.0962
93.5309
129.447
-12.2941
112.527
175.967
-29.0445
93.3194
55.3509
59.2892
89.9991
50.7547
-47.6078
111.858
321.337
171.043
10.1253
82.0605
109.015
25.457
95.2011
149.414
171.383
88.1688
224.603
163.856
24.9712
-47.0761
83.967
-5.79444
79.4869
0.782604
151.239
101.636
258.448
121.724
118.398
52.3311
121.803
90.9135
225.575
38.8836
186.267
120.354
83.0487
45.1367
143.723
-14.0192
-24.1739
84.8779
-36.6637
164.86
199.337
76.411
77.9616
89.1129
96.2421
101.551
116.265
149.435
51.372
219.038
108.944
63.7871
49.4739
159.894
113.046
209.063
241.54
-43.0098
-17.7713
103.564
202.529
-11.1311
15.903
66.2024
71.1774
65.031
-45.4322
65.9774
72.4949
103.28
122.491
121.044
76.5629
179.763
27.4167
-15.3677
38.6809
141.173
140.33
93.9737
77.4545
33.0962
91.1139
129.894
228.894
149.996
85.2095
90.5692
25.5606
43.1459
51.6277
59.0156
82.1332
-12.6193
138.995
14.3444
113.939
61.9646
84.3708
21.9688
71.1186
160.114
-34.4195
125.665
103.795
37.6038
62.7157
91.3855
75.1083
98.7649
146.812
96.104
-36.4936
96.4367
245.996
58.688
45.5361
78.625
51.6121
225.351
32.0032
128.521
100.905
57.009
18.9754
111.979
145.23
40.7383
147.151
82.4142
76.3908
134.42
113.865
-3.09563
34.7253
82.7163
190.077
64.139
168.565
101.474
117.143
172.132
46.6293
137.901
13.5484
120.411
145.147
88.3206
134.6
44.5629
54.9407
82.4798
82.3699
165.226
44.2335
215.773
65.9559
50.8786
89.7921
27.1006
196.667
90.5732
54.0855
139.899
14.7644
78.819
65.6918
95.6817
276.706
13.5112
114.081
52.5908
190.518
203.936
95.2995
47.4788
140.712
158.031
158.281
190.401
154.017
245.961
44.8491
50.2524
137.361
57.6734
134.231
127.946
64.0531
184.678
147.098
110.16
107.817
107.523
48.6396
76.7935
101.717
44.7928
33.6055
21.8986
95.0166
197.327
30.9124
81.154
140.607
190.673
95.4899
108.955
110.141
81.3695
49.9059
266.24
209.133
98.7054
113.984
68.9625
86.7284
90.9673
114.176
139.752
63.6274
123.995
-95.7957
31.264
107.427
45.9041
0.958767
165.796
130.358
178.476
197.021
65.2635
96.1184
102.515
1.09145
106.982
164.622
25.9397
140.633
90.7076
70.3418
120.488
49.889
-105.896
146.537
184.974
64.2874
63.9803
101.304
146.753
45.8193
140.849
97.529
70.8542
58.5039
51.0619
33.7687
52.6696
191.078
141.118
53.0918
115.319
82.9895
52.6346
96.181
202.927
46.172
82.4289
10.6241
9.07907
43.6991
199.447
157.608
-112.235
83.6272
115.503
134.332
190.697
190.342
70.1864
126.985
127.48
192.337
84.015
120.09
108.911
77.7337
71.4757
51.5852
140.734
120.882
50.2214
146.967
91.1445
86.1294
44.8184
150.692
43.1443
15.2441
115.932
31.9212
162.328
150.623
164.038
-36.8068
96.7536
51.8713
152.932
125.518
95.2792
146.687
183.526
84.0172
-52.1416
89.1467
-4.10841
165.187
40.327
120.965
20.4054
33.747
-16.9557
-19.48
27.9666
89.165
20.4718
143.272
95.5649
77.3217
155.425
32.8885
126.376
97.0364
184.203
129.11
121.381
172.698
139.705
48.4967
58.2014
108.266
115.145
128.044
146.202
-24.222
134.462
51.5729
26.8092
91.1024
161.97
32.572
133.652
145.815
90.2789
71.2523
101.598
20.3205
-57.6543
127.299
27.0513
191.17
58.249
102.409
44.0109
53.6078
202.83
56.4828
114.366
70.0962
84.6247
83.1991
65.6144
112.648
25.9045
63.2386
190.725
184.327
91.1982
52.1671
52.054
188.596
88.9923
102.523
102.487
134.008
127.82
106.58
145.589
64.5466
38.4624
183.877
83.3364
185.584
21.064
98.5106
114.343
14.7593
94.2989
183.999
51.7585
137.514
13.5638
-63.9654
140.343
10.9496
63.5428
146.275
40.9287
51.6012
97.6124
-17.3152
169.497
43.9173
-74.5693
173.839
81.7518
-22.4954
115.301
71.0204
170.37
38.718
-28.6199
63.9381
71.0167
-48.6931
27.8496
117.12
245.831
86.3789
26.9122
23.3886
95.6343
27.6698
121.499
7.42148
62.42
95.4722
131.691
108.218
80.5408
-120.482
39.7645
171.811
159.458
197.402
193.341
129.257
90.5817
239.949
64.4675
62.3341
139.528
190.755
66.006
-85.1733
145.485
121.254
82.068
7.1096
39.6885
126.936
44.9949
100.977
108.058
132.638
52.1801
-50.4613
91.9849
18.7264
133.529
158.398
242.049
76.2824
207.939
-68.5463
26.4917
64.6147
145.802
14.7155
101.508
99.1275
142.805
127.032
190.6
43.8004
121.343
37.1835
64.7671
-25.0401
51.5893
146.764
111.717
115.232
126.699
17.4927
80.5744
67.8987
121.797
117.879
33.7924
44.4505
144.986
91.0064
103.653
189.358
158.094
-12.4379
42.0323
91.854
109.921
109.837
108.488
109.804
115.279
37.9399
177.711
152.038
250.867
112.829
88.459
1.68425
119.714
134.265
1.16512
182.679
113.379
88.2006
33.1671
108.145
97.1184
23.2159
72.2378
183.46
102.119
208.635
120.57
114.286
39.1738
7.28144
64.5085
170.289
94.025
119.501
114.719
172.489
115.376
121.049
50.8888
157.743
-11.8888
68.3369
218.408
127.078
155.555
29.1245
2.32272
50.9903
156.4
152.618
108.629
94.6001
189.921
81.3166
133.076
69.8529
9.38994
163.483
77.5907
78.4259
139.905
162.87
127.137
171.141
-13.1126
51.8877
184.292
148.264
113.455
28.5489
86.8476
145.736
82.0792
56.1081
76.2721
157.998
194.4
-85.9889
140.731
136.549
122.632
101.042
188.664
91.1054
107.379
33.502
27.442
6.70788
101.375
162.046
138.712
46.1298
146.92
115.672
19.0309
-14.5328
13.0003
133.908
68.4567
57.1085
151.344
109.246
56.346
160.997
134.17
76.181
-10.0296
136.654
38.582
21.0847
129.595
21.1782
79.4565
43.6616
84.3778
258.881
136.473
176.875
44.848
55.9065
88.4456
19.4858
113.333
92.4654
26.9767
87.8603
14.4806
64.8074
134.148
76.3782
51.1357
-35.5701
128.262
150.485
140.41
125.922
38.5868
-60.9153
83.5257
100.894
194.194
60.0776
99.816
52.158
-4.17024
177.184
202.447
18.0833
139.097
85.8618
32.3866
47.2286
18.7903
8.19171
55.7441
58.2174
227.125
170.668
88.5136
195.348
14.4217
148.53
208.73
150.39
171.184
176.592
35.3513
2.74984
18.643
137.026
58.2561
39.7938
119.367
-10.6921
197.081
149.508
-11.8509
55.8176
138.422
133.814
37.8737
64.9383
73.128
145.477
43.3982
50.6226
133.519
82.0524
70.2605
76.5746
114.506
62.1847
56.5644
44.5631
102.41
80.3213
281.345
120.108
152.959
0.296453
111.728
-92.7366
45.8697
49.3445
111.17
212.286
49.2571
15.2909
157.36
39.6731
68.9158
-35.9668
33.4151
-10.3706
51.7709
-83.3161
169.325
43.7753
96.2491
177.767
136.993
41.0484
-50.3035
26.9725
234.607
98.4206
51.2834
101.512
21.3634
119.764
173.818
-6.75473
53.5545
51.0602
150.792
114.921
-7.6005
108.937
170.048
228.544
76.4955
138.578
71.714
76.209
69.5728
51.4274
180.752
-22.9405
104.243
57.9038
157.558
79.8198
207.773
27.6847
117.942
95.6987
56.0248
96.2523
203.998
58.3436
142.742
57.4976
16.8422
95.9582
95.9062
170.553
57.1635
219.741
130.624
96.1096
248.428
136.954
224.973
174.396
183.974
24.6173
206.85
177.718
86.4388
207.809
145.964
121.501
42.4616
142.042
119.889
63.3411
88.7062
82.4312
203.043
113.876
144.861
51.0166
115.564
190.517
74.4958
89.2821
57.1136
2.98731
175.88
-24.6442
60.1401
196.889
151.872
142.907
101.147
162.851
-80.2907
77.4224
136.126
-11.5878
234.879
-10.6306
82.4739
-3.99847
96.1725
108.708
132.862
41.5152
154.785
-21.2626
37.1032
12.4957
104.426
168.682
136.822
49.0852
24.7815
89.2033
118.199
43.5642
50.9072
34.026
153.268
89.6932
88.2692
-26.575
57.0501
14.2616
140.02
203.125
102.515
151.931
111.611
186.511
-71.1124
135.915
52.3154
77.1543
-8.67473
27.938
65.7335
121.224
32.349
82.526
-29.3948
6.61738
24.0312
45.1876
39.2735
-24.6268
114.388
-13.5979
10.8025
140.216
11.9701
161.57
-21.4098
171.821
26.1577
41.2405
30.9129
13.0942
227.549
-61.0151
196.647
135.436
74.9223
75.471
58.2628
94.4052
46.4516
53.2586
64.7145
111.221
-15.9356
-2.69643
27.1999
139.73
116.851
152.51
119.663
89.5747
123.447
112.577
76.9437
152.523
158.893
128.4
165.475
57.2248
12.5173
114.83
140.407
101.701
82.5085
82.5154
41.1519
51.9915
66.4661
45.6049
156.144
145.196
26.8614
89.8462
44.5371
97.7669
-17.135
77.3671
85.9166
-10.8145
56.6297
122.881
83.6118
178.119
141.466
5.34543
88.015
8.04322
169.338
78.2136
130.524
25.3223
-43.5243
15.0869
78.9716
46.2771
18.7938
58.6895
81.9447
-30.488
25.1882
-9.37438
42.8141
68.9506
72.3625
165.298
82.3151
130.986
52.5188
101.246
93.0047
163.784
27.6019
-98.7253
85.6126
121.062
131.534
101.199
52.1056
64.8624
157.431
50.0721
107.876
101.011
84.9012
31.169
158.478
106.715
1.6687
89.629
79.6441
145.008
64.5064
117.153
42.7004
37.6804
34.267
59.4583
129.565
97.3516
31.0969
86.0568
65.3101
88.7103
14.2556
156.819
39.5211
44.6633
150.256
12.9238
75.6673
6.29182
44.923
122.284
166.635
198.338
32.9868
79.095
94.8094
36.7641
112.378
84.8767
77.2189
53.1371
89.4079
134.661
72.4262
-11.5941
64.1815
-30.1235
55.6208
73.4215
133.707
146.45
52.1154
183.574
16.5053
-42.84
13.0204
63.2569
38.2685
19.7102
121.091
59.7152
22.355
56.6236
165.095
39.642
118.078
184.798
102.986
119.869
3.6753
152.382
159.112
67.2526
33.1378
152.253
37.1408
7.5497
26.2046
34.6573
164.435
125.756
18.5749
80.5332
-41.9439
116.111
110.87
6.01497
265.566
116.879
64.6551
-34.4697
101.449
139.901
52.1186
97.7237
214.103
100.952
204.593
139.767
102.311
141.53
102.114
87.8878
73.4407
129.341
77.0847
89.4969
93.6243
90.7208
101.138
104.276
73.35
32.0529
26.6901
96.0503
43.2658
32.4066
71.1377
88.9409
92.0075
144.612
-9.50733
42.7931
72.2181
78.0858
109.239
-11.4033
173.005
202.634
158.007
-41.8255
58.5838
74.9009
102.631
90.1421
133.271
85.6135
152.598
190.011
257.651
45.8914
7.93695
5.16022
139.359
123.323
175.149
73.0297
23.1366
113.703
44.8942
165.008
26.8718
87.8641
184.825
108.541
45.6968
33.1848
144.968
88.7347
46.4529
-60.2069
109.533
95.6604
85.2199
46.8874
64.4732
20.4791
109.339
92.7273
65.2048
77.636
108.3
96.3881
184.532
134.375
92.1806
259.304
120.839
134.038
139.634
119.173
176.757
2.58531
52.3157
-16.3931
44.2099
83.2173
114.838
212.561
19.6379
107.468
64.4504
-4.51959
128.65
41.2569
26.499
140.741
108.641
190.001
74.3158
84.5815
-6.00085
190.236
95.5462
134.216
119.666
97.5771
72.0127
169.899
26.441
-33.6471
134.715
3.21374
21.5963
7.73623
89.3898
-11.0491
91.0009
62.1506
33.3467
-77.8547
51.986
103.703
70.7575
19.3178
99.103
117.87
-93.8572
-23.6583
9.30723
39.0932
65.6049
95.8581
83.2715
-30.0208
90.7092
96.9541
141.489
1.51033
180.323
-47.9677
85.3828
74.1574
260.161
46.0438
127.838
72.2203
84.6697
29.1824
75.4422
44.5522
96.3611
49.8306
109.301
68.5098
45.5092
12.1366
-54.8508
58.2706
65.3479
-135.357
39.2654
184.847
65.7004
41.5817
20.9589
33.1585
-48.9603
-42.1233
58.0825
121.16
134.497
27.5382
10.8154
125.842
116.064
145.721
109.691
8.99773
165.622
2.71767
108.706
37.5706
44.3102
165.101
152.583
-23.2667
-46.9508
226.785
174.99
163.557
115.162
203.611
131.947
217.803
204.871
-23.4727
116.486
86.3966
178.57
264.26
58.7914
14.7116
158.253
146.813
222.219
59.5626
-7.0763
77.9154
141.308
74.0083
15.7015
120.918
183.764
139.767
47.0665
0.526187
87.6669
190.209
19.6844
90.0016
97.4286
70.473
133.644
95.8643
-17.4534
-35.4629
139.698
134.401
51.7985
137.163
64.7666
-54.5134
177.588
-61.4879
90.8683
21.7966
109.231
8.06224
45.1719
14.0648
34.0945
65.1736
14.0035
-50.1902
38.0886
64.6251
10.1094
-11.3697
52.0663
69.4313
99.778
-4.4714
68.5925
-73.5044
135.683
-23.6331
114.823
186.13
89.6254
90.4805
114.836
59.2678
139.908
92.6586
88.981
34.3387
58.3185
39.8653
-42.4247
170.779
108.669
14.1659
158.278
7.88493
69.4102
215.897
132.469
39.3173
89.5868
64.7831
114.503
102.002
76.8462
-54.8444
60.6888
71.5888
97.909
110.76
-3.73292
70.815
-21.4761
-53.2559
15.7541
27.2689
77.1594
-0.182316
71.3131
204.074
76.7704
121.432
50.4078
116.276
102.112
96.0617
-4.70896
131.344
139.714
78.0367
12.4124
89.6149
7.72726
14.0601
85.6592
-28.8853
83.13
27.7175
77.3706
83.6118
-52.0441
-17.2114
170.729
165.307
-16.6714
-23.0908
45.4419
-49.0845
158.828
58.4022
139.783
45.0834
95.7111
27.5181
10.0143
215.57
15.755
-92.8168
159.873
240.393
69.0098
154.007
-23.9
21.891
248.111
89.8465
71.0057
113.309
161.263
228.866
-45.2343
108.791
138.16
-9.45449
89.8768
21.2433
55.1274
58.1874
87.4617
127.536
-24.182
7.63963
116.157
164.39
114.852
57.6636
25.876
51.8319
76.8092
77.0367
52.2105
170.914
-67.4043
133.94
-17.1005
45.2037
58.4936
114.433
33.1488
55.4068
70.168
-21.4902
209.951
64.6916
-23.7
16.292
162.236
114.924
60.4587
14.1428
27.1949
21.0076
89.1199
89.6797
112.207
65.4257
171.543
47.5759
171.04
171.674
-5.19181
102.571
108.734
8.22268
50.5585
114.453
51.7053
39.4249
-4.75814
127.242
45.4412
-24.5464
77.1242
51.6608
-67.6005
-48.8456
44.1952
-10.3439
152.271
114.583
-16.1591
-30.0866
102.011
-20.4332
63.7637
57.8562
63.3468
163.898
-181.25
108.409
14.338
208.519
-49.6751
108.655
-98.6379
171.191
9.0091
81.4861
38.1959
-4.23545
-16.9574
146.889
101.743
39.5965
33.6986
14.3703
-118.02
89.5296
14.0153
89.43
77.9001
91.2069
140.469
196.939
-24.766
90.293
-37.5038
14.1298
152.688
8.0442
193.578
-53.8494
31.9408
140.173
48.627
-34.8775
19.6329
14.0698
20.1673
-66.8141
202.878
-42.509
111.57
215.15
139.048
39.3675
242.305
15.2267
-110.682
189.704
-23.6743
127.845
259.387
48.3681
31.4401
177.195
217.807
-17.0431
-40.6888
102.174
127.963
56.5554
145.85
57.4538
39.3534
95.9488
163.112
31.5474
82.7976
-74.8907
32.7411
102.523
59.6197
70.3579
39.4374
159.363
-124.399
0.0150202
71.0755
-10.9991
88.9963
88.5853
8.38542
-135.876
22.755
-11.0916
-10.6282
127.153
-62.5375
183.432
-11.1024
177.87
92.9226
156.279
-54.4646
10.6973
173.963
-61.2901
33.0752
5.04827
56.6031
-97.5552
31.8392
-57.1227
-79.5312
71.1918
-52.467
-5.22151
71.1254
64.662
89.6499
-111.713
-28.9432
164.998
-66.7392
123.089
64.0698
151.882
12.4804
76.8426
39.5426
70.9476
-27.2514
21.0303
52.3114
102.253
61.9114
77.3921
125.308
-118.239
51.1699
-5.6366
108.523
-55.4026
94.376
114.166
202.556
71.5234
98.2017
101.973
-26.5883
-4.88537
43.8713
37.7143
1.47789
-35.8991
76.962
50.2785
72.5882
232.421
70.3806
8.00034
0.435907
58.1596
265.658
90.8969
71.3241
297.033
127.129
71.0846
-11.7223
305.274
-81.6602
13.3515
39.0179
172.491
142.702
194.366
-7.21459
-29.8224
13.3949
83.206
83.6006
146.04
-48.5315
21.4396
-5.01272
-55.4819
-21.3989
10.9356
-10.4876
-131.523
-25.2096
15.9846
88.6244
102.14
215.782
15.3782
359.754
-36.2978
-49.0476
-93.4044
158.027
209.769
164.721
181.905
121.086
141.691
165.048
-23.4573
126.974
-73.8868
26.6736
-29.174
-82.8581
113.802
5.21537
197.507
76.9061
26.794
114.479
-110.876
-65.3397
71.4042
95.7012
161.101
202.761
67.7945
90.2702
82.5144
95.7718
95.6
-35.3849
240.177
40.9946
-46.3971
234.313
26.4856
64.2901
141.069
85.6722
39.3883
102.194
6.17599
-60.1739
158.824
-31.8849
-25.555
47.9457
35.6233
87.9636
-48.5757
45.471
236.64
159.61
171.35
208.487
132.136
45.3208
150.684
22.409
190.359
-10.3237
64.4001
260.191
265.381
64.0992
139.018
101.149
20.1954
83.4176
121.11
-116.752
27.7612
241.062
-155.047
-86.4928
63.598
89.3944
155.801
-9.5825
45.8078
207.735
58.7984
23.2086
76.0786
127.131
272.013
-73.5466
1.77353
-73.9366
120.848
-4.60662
-98.9441
127.104
184.006
120.794
7.73227
145.912
27.5434
177.053
165.609
-111.705
222.894
140.568
139.867
121.057
-35.993
-124.264
44.9191
151.719
51.9371
-56.9463
-35.8107
128.121
80.6332
208.571
76.888
96.2593
-29.8888
334.603
241.464
-80.0555
210.863
101.762
330.726
-31.6538
45.2961
84.3465
361.672
45.3432
191.702
45.6905
110.311
246.177
20.1166
314.497
9.20684
-30.2991
115.654
117.406
7.4968
34.9002
26.1858
-29.2614
95.663
64.0608
101.688
-42.4301
41.488
70.8648
45.2213
38.6105
65.0083
36.9334
241.79
7.35003
-132.809
210.846
49.7921
31.4984
7.47545
-35.776
138.462
-52.8952
145.845
208.745
120.494
145.454
146.026
70.5024
-80.3624
39.6558
-29.0538
7.40593
59.7843
95.4574
155.384
-112.417
-86.9243
107.819
59.7967
7.47868
22.4896
-91.7257
134.482
65.4611
186.76
71.7107
-100.76
208.723
75.3688
-114.453
-84.1792
247.116
64.0025
13.4997
-60.6346
32.6514
190.736
51.0091
108.467
267.051
106.636
-49.1026
82.8371
-9.31388
32.7233
-30.0164
120.743
95.0931
228.432
51.71
-86.642
48.4914
149.727
280.49
214.025
110.039
58.1347
-118.578
18.3439
126.991
151.053
38.5852
15.9905
21.8722
138.053
53.9891
50.0537
14.0713
104.728
125.315
39.7769
50.8798
51.6771
-48.2444
129.54
151.789
266.787
164.747
64.2802
-30.6394
38.703
-90.8513
219.675
-17.4039
-206.025
76.7881
-123.735
-173.632
139.954
32.217
157.981
-10.3906
-79.9194
278.08
40.905
-85.7055
-29.7958
-36.4151
100.076
-104.767
-80.0555
151.744
-20.9483
-10.5602
-40.1997
78.4457
-54.4652
67.5463
11.1497
214.731
120.943
253.226
64.4538
65.4809
56.4329
254.323
171.539
222.641
-105.413
52.6614
82.959
70.7946
121.771
178.862
58.5622
89.2738
154.026
259.986
114.126
88.1056
291.576
103.049
51.8415
58.3099
158.564
-112.337
7.1009
-126.369
70.1796
-116.124
-168.193
7.57272
139.724
-74.6078
37.8589
-74.0925
-105.493
53.3552
76.0096
-99.1458
252.685
23.1833
63.3868
202.533
171.887
20.5463
49.9522
19.9561
-48.8549
225.282
-112.063
-73.8945
164.558
152.345
139.132
57.6107
-154.583
-55.4231
-54.1255
235.729
215.045
82.221
77.092
13.3022
14.4285
46.6265
-60.4432
158.305
13.8921
-41.5082
39.0557
12.5932
-35.2764
33.1173
288.952
-4.22051
20.4874
-48.8605
-79.837
-10.8122
83.395
58.2873
39.881
1.94842
-130.607
-54.0659
64.2026
-11.3937
189.435
-71.4369
115.029
-8.54699
-42.1663
25.5958
70.6676
102.234
108.111
122.76
-143.249
94.9894
152.126
-43.0238
-29.9285
-15.7805
215.489
129.028
-180.857
108.669
125.435
51.5375
64.4354
25.4554
26.3809
47.4126
346.565
106.687
-40.8789
-77.5462
39.2348
111.99
119.672
251.971
-92.3676
-0.407676
89.6956
126.312
113.328
141.386
70.4631
-48.9344
223.472
170.783
165.329
-19.1301
284.006
179.234
108.827
51.2305
65.3835
57.9986
239.977
221.759
81.1079
25.4474
-17.2588
-42.9057
-17.3588
134.22
253.277
303.086
-10.1153
24.8437
77.0694
65.3583
20.3934
20.0221
20.912
95.5782
101.638
76.6283
90.1573
234.006
206.79
-151.308
342.735
-23.8068
-55.8823
-33.5334
-4.78526
-96.7745
-123.578
-74.2842
221.153
76.2319
65.5497
2.36618
-125.519
311.467
33.0236
28.153
-48.5967
152.593
245.236
119.53
9.86357
135.234
183.961
76.0313
40.0789
83.5191
133.196
59.7395
-28.6803
151.892
87.5767
92.0138
279.736
166.127
265.643
-23.2195
201.89
18.6229
282.409
134.241
134.941
-48.537
32.7331
201.983
133.209
120.268
-60.4137
197.139
157.976
-5.43775
322.135
271.601
114.168
113.012
309.57
95.7358
146.004
41.5217
305.693
126.457
-78.9958
36.5081
151.682
91.2689
175.146
-30.6062
103.025
120.717
-36.3499
-93.0172
151.975
53.5001
164.545
26.8129
209.026
103.414
52.3439
233.212
34.5937
203.116
-7.76113
-124.88
101.694
56.6598
160.209
309.81
-131.106
221.55
-4.32339
100.581
164.929
158.346
76.7886
-85.9061
-124.24
27.6846
87.4928
76.1246
89.8423
50.5952
-100.37
-218.884
-174.489
-80.4413
39.3451
129.395
7.51355
70.4758
257.447
7.77371
50.0975
32.5637
245.993
-49.6471
-58.0474
81.4056
39.641
-35.969
-41.7531
-23.7222
0.292745
44.5793
317.138
88.7658
1.53826
177.193
204.814
37.8559
68.7891
77.317
139.459
216.325
108.659
195.825
-61.6045
82.8593
164.022
-12.3824
170.946
108.151
-28.2457
189.532
254.85
-74.3676
192.879
113.33
212.196
172.222
183.469
84.5156
-4.08594
-55.319
126.864
268.574
87.719
324.351
145.904
-68.2581
98.4165
76.5375
-93.0288
215.222
139.48
221.006
15.6452
-30.2175
107.812
193.079
268.871
-1.75069
177.095
152.396
-175.438
9.59277
13.7983
183.937
133.07
-17.3034
307.024
55.043
120.534
105.133
149.992
179.219
57.3619
180.259
91.03
40.3877
163.349
95.4245
265.136
108.088
133.381
158.28
12.215
45.108
63.4064
107.903
248.902
249.331
177.184
-61.7483
240.081
63.9188
188.386
227.141
126.447
63.5014
-78.1921
184.781
-92.7512
13.7513
66.9256
-137.109
183.469
-17.6534
189.323
36.8479
139.564
170.927
94.981
-24.0917
-3.7403
152.023
9.03751
84.2292
-17.8628
33.1171
-153.999
179.134
435.341
177.534
-17.5361
-36.0461
202.15
227.258
170.608
173.928
1.19248
234.609
157.244
293.226
63.8182
32.7673
245.554
276.322
34.4105
139.17
164.377
84.2527
25.4516
120.798
214.083
322.126
145.62
114.143
-5.19258
45.5098
-80.5712
277.898
177.979
26.1265
13.7505
159.36
47.1554
-59.3067
68.544
55.7045
158.863
192.573
188.942
164.811
-162.539
-17.7091
-23.9498
277.664
-49.6642
409.38
-11.7287
152.195
309.962
189.405
45.0597
-23.4471
-75.6774
90.7149
102.208
264.88
51.4772
333.413
152.029
246.538
108.404
-49.0435
2.44754
52.602
76.3173
151.883
7.45439
22.4553
202.218
25.5007
-55.5243
91.8109
252.001
114.413
38.8159
130.346
-81.8784
107.556
227.781
133.611
82.7407
-49.0405
-62.905
75.9697
119.842
156.998
85.6502
79.225
90.3717
139.178
119.368
-12.1391
-88.0935
44.4291
51.4789
-5.15019
51.8255
110.433
146.83
-55.3797
-0.319582
145.512
-18.119
-11.4548
-42.6601
65.1853
152.171
-62.1957
-17.1851
-90.5858
126.189
26.7726
-112.376
-6.85989
14.7675
20.1132
195.294
88.0778
32.614
38.692
63.0297
-144.158
-5.27901
221.271
47.4009
-19.1363
28.7874
145.477
24.4125
-55.6452
19.5605
-68.5487
82.9602
151.228
-155.835
227.403
246.485
39.339
-30.1566
125.823
113.67
38.1047
68.7646
31.157
114.652
273.793
58.1579
187.925
-55.2669
83.0855
170.064
78.5478
138.84
32.3992
166.891
143.81
40.2533
95.1157
-105.852
58.0507
9.48435
-80.5325
214.357
108.008
-56.1763
145.782
147.213
2.0022
158.158
120.219
63.6914
124.911
189.699
43.803
98.2487
182.941
252.339
176.691
-30.994
-60.5555
96.6261
51.4056
45.5164
-49.0958
100.069
-25.1566
71.8744
283.817
171.21
77.989
-50.3884
309.293
-75.7657
215.942
-11.7762
45.2749
-31.5196
434.92
130.912
144.363
-5.44299
70.1188
-42.8046
-1.97557
196.172
-100.5
-46.6298
-50.261
88.2885
-61.4729
-87.5266
16.7656
-68.675
-78.9889
349.344
139.214
189.42
38.6385
-11.6411
76.5798
163.901
-48.2933
163.962
298.109
46.1161
157.847
-200.048
15.9605
76.1926
69.3895
228.257
144.422
239.829
99.8411
94.1237
104.748
-59.8052
20.6512
-55.1941
-68.2025
82.5142
109.246
-74.6046
50.3166
-138.328
126.892
-112.142
-14.7331
116.535
-3.43574
148.539
52.1019
189.481
85.837
105.922
138.126
-38.1619
114.335
-112.234
107.709
-156.058
-42.5745
164.017
-88.7116
212.688
18.7399
38.5696
107
-48.8916
37.1673
44.7606
221.553
15.1737
111.583
185.352
164.399
125.459
20.2016
120.831
150.648
57.5837
101.521
76.7783
51.0862
107.745
91.8815
57.839
-59.9842
70.0422
194.641
126.102
177.022
219.891
-60.4471
-87.5194
276.981
79.7597
79.4949
31.7069
145.449
20.6419
68.6468
16.46
51.2708
-174.667
43.7366
164.095
132.585
162.583
-30.7261
61.9602
-2.90526
144.414
156.135
13.4402
204.429
32.614
-8.50093
15.1318
21.2217
-23.4226
157.91
203.13
144.422
38.6335
51.3256
156.817
13.5252
177.375
103.517
122.431
113.782
102.862
226.435
-73.8074
56.7102
114.429
-17.7158
19.9065
95.1852
7.40457
19.7895
0.876688
76.3421
201.806
101.637
7.15474
48.3459
120.49
12.9272
39.006
63.0694
238.463
243.858
107.907
-42.3461
125.942
-81.4162
177.134
151.629
-17.7663
297.52
-37.0246
144.984
157.135
-156.337
152.953
38.4213
66.7343
13.1677
19.6354
168.373
182.837
52.6633
-42.0636
69.7121
189.206
271.043
-91.7042
49.2577
20.0102
270.437
160.961
35.3331
107.921
31.002
95.4826
91.9663
166.851
197.18
139.403
60.8443
154.789
80.8992
89.0452
70.0979
126.714
63.4112
101.201
57.5598
171.384
139.305
202.244
18.0525
94.7916
112.291
34.5327
50.6349
89.7023
-55.4407
43.1662
-162.106
-61.4526
187.482
269.804
187.748
182.53
48.1091
32.5055
6.4297
107.058
10.1595
106.48
110.612
245.097
117.34
131.12
51.0191
57.1577
-144.522
151.688
137.43
102.294
38.3356
-32.1503
126.692
107.719
232.307
-2.18513
189.309
-87.3497
139.735
296.115
94.8125
139.081
135.855
119.868
139.686
238.407
-43.0761
105.947
94.132
70.2908
25.9237
177.072
126.564
239.937
179.239
182.27
170.6
150.72
195.019
132.997
81.981
-61.9569
74.6304
183.151
161.517
44.6091
69.5675
113.014
69.5275
124.109
82.441
256.956
74.5056
103.883
125.424
208.941
76.3823
247.076
63.7202
177.525
50.8468
163.929
163.98
120.309
119.558
207.989
76.0308
101.482
118.51
-31.6568
101.058
193.164
188.06
176.873
45.0458
138.17
160.896
58.0457
277.254
225.457
201.881
214.766
149.072
56.77
63.7496
213.757
-56.8589
24.7213
-25.2559
207.485
220.379
106.832
113.736
133.006
208.396
-5.18893
101.354
96.7181
63.2519
189.255
9.40185
6.96547
151.412
229.478
93.4991
80.8162
170.25
63.2957
132.424
131.843
101.515
-0.227048
-43.528
51.2635
32.6688
31.912
217.399
-106.567
112.901
345.972
57.0735
-93.2098
-74.4413
101.452
94.8641
-149.545
3.19345
-90.744
151.699
-5.7184
138.934
126.352
82.5261
176.858
31.8268
228.957
25.3703
119.963
138.825
38.6302
31.991
101.171
63.8621
95.3133
32.2465
157.252
208.435
229.895
95.5348
138.219
213.073
126.97
71.5415
-4.18035
175.326
-82.1816
-25.9945
-24.5133
82.006
2.62281
-112.106
132.777
164.323
51.2242
188.68
176.312
99.8373
71.8279
38.3224
76.3946
294.365
71.5243
208.072
220.603
56.4297
190.061
-100.497
296.139
-68.1715
113.791
131.175
7.7408
-36.8027
189.456
25.8959
214.48
-9.53163
7.28236
277.438
157.448
44.5057
-5.71414
19.6719
188.532
90.6172
61.257
266.398
169.291
100.005
44.0141
-61.8486
141.904
162.85
158.013
120.996
26.1767
88.0323
164.295
88.4374
139.193
138.66
220.614
82.4285
-67.6038
101.155
101.432
13.3906
240.098
296.149
-124.733
245.816
38.588
107.179
95.1474
176.754
38.4277
57.0399
-100.268
-17.1619
-17.9895
120.244
164.088
183.161
-80.8625
41.5093
145.43
-49.5903
-113.793
130.934
69.7942
168.651
321.477
88.844
189.231
140.835
75.3326
132.823
39.061
32.2022
-29.1521
107.677
3.33062
119.118
6.7994
184.703
299.91
8.88755
7.54841
151.319
-131.354
151.501
26.0899
70.1272
151.157
44.4116
76.8621
12.8495
-55.6989
63.6752
-81.3446
151.828
94.7596
93.2102
32.3403
-88.8009
125.178
-88.1872
13.5091
176.631
155.986
-54.5975
62.4297
24.8538
151.628
63.1848
157.802
214.494
-11.9163
25.8273
26.1383
-7.35588
164.359
102.116
71.3922
-123.136
138.725
-143.012
116.917
-11.8098
45.1329
-36.6295
185.386
251.962
214.622
38.4285
301.766
128.397
201.204
24.0418
69.7518
56.4679
52.9767
135.082
-24.3481
90.6672
163.823
138.993
-13.4022
88.7185
181.989
-5.35205
114.575
26.7053
139.121
-83.0144
53.0629
63.2659
138.983
107.583
138.726
-24.0639
-65.8903
31.1813
239.593
-56.0755
76.1856
151.245
138.178
107.294
94.7745
220.462
25.3201
220.011
139.176
-11.3493
176.757
104.268
170.767
195.258
44.7426
308.821
182.962
18.3401
6.94556
144.863
138.793
208.215
56.8731
95.021
260.478
13.1283
162.724
150.142
101.118
37.3868
245.896
63.6561
107.967
88.6536
164.541
-110.296
12.4077
134.868
27.3827
126.306
289.791
94.5202
253.411
14.7773
139.094
132.916
87.2779
14.9632
157.953
0.761591
101.413
218.39
139.064
52.9483
157.88
201.923
239.084
164.053
219.153
218.987
82.5437
88.9188
183.151
244.607
31.9648
296.247
207.923
176.972
188.988
-59.6436
118.825
90.1662
-74.8021
50.5675
69.6269
51.2615
176.859
151.342
95.3594
-17.8992
125.641
112.111
176.417
-18.788
114.026
7.18838
295.82
157.638
-194.004
156.427
57.088
-12.2526
82.7692
-5.3766
38.3872
120.055
107.704
-90.7988
96.1446
140.24
289.383
13.3324
120.097
196.021
107.594
50.9122
44.2821
38.1532
-37.1556
75.3548
251.723
-9.42512
36.8778
-24.8734
176.78
226.762
-159.626
190.588
44.2865
251.767
123.42
113.759
-62.3483
92.1249
277.309
-31.0152
164.009
30.6994
50.9318
-43.4764
126.406
57.0376
-62.2903
-37.4534
126.502
182.237
81.8706
-55.8916
-49.9054
-12.84
75.8459
87.446
-25.2732
80.6226
131.28
95.5628
-9.11267
83.1984
-37.1072
159.406
-20.0353
-56.8952
40.2684
51.1584
195.953
76.4306
194.841
94.5856
125.822
201.488
107.657
56.8187
7.02346
183.814
32.2311
25.5331
63.2484
108.562
296.256
82.4231
264.013
207.981
113.552
-0.35349
188.796
-55.8496
19.6527
226.751
31.6295
124.828
25.8739
290.827
88.4006
32.1719
-132.565
-112.25
91.0639
-44.5537
-44.5538
-49.6584
67.5934
-17.0128
33.2247
76.0832
107.627
156.453
128.134
-18.2154
-58.53
28.4493
66.4029
70.7502
38.6355
63.9686
169.983
87.3619
233.259
-49.9693
132.707
62.1026
69.4941
-28.2755
13.4069
-25.7
182.018
196.234
225.531
137.785
126.305
234.163
151.76
-29.2308
-50.266
-18.7952
87.6591
31.9831
151.65
99.2155
139.002
266.292
0.739607
-68.5846
88.4083
76.8554
144.94
62.4657
261.662
99.8289
57.2727
31.9212
74.7963
126.157
-24.8135
19.0731
42.932
113.497
81.5825
126.397
46.6036
219.935
25.6791
88.8129
-24.5346
18.2379
-37.455
-4.42852
32.2479
-88.5069
19.2828
119.178
75.5573
-86.503
-5.45239
25.9605
32.6634
75.9828
83.3956
24.8639
185.478
-5.80306
214.293
283.417
162.931
100.134
89.2778
220.537
59.4029
65.2603
-117.266
-25.72
31.905
-94.6479
50.8538
145.849
158.06
151.321
-12.0619
38.2543
63.3567
7.82792
119.973
77.5606
146.895
145.108
-69.1283
8.76851
27.2743
44.6797
187.422
99.5919
63.3397
82.2812
118.999
70.7441
-57.0302
70.0635
44.0732
265.437
-11.8824
6.86603
-50.7705
162.487
-102.146
57.0983
122.743
-56.3475
228.689
82.9581
-79.0692
101.112
126.452
176.543
28.8058
92.8948
183.516
111.805
153.203
37.5653
157.81
-6.96166
264.467
42.6417
38.2523
-109.877
101.934
-11.682
143.113
176.683
276.989
174.063
264.437
127.923
124.674
6.76453
180.273
70.6397
19.4407
-93.3664
88.6653
195.773
88.8608
101.048
187.54
57.102
16.815
183.087
121.247
31.8475
107.193
76.1694
129.587
126.005
69.5982
-10.2052
213.822
175.96
220.147
86.5973
136.684
169.484
13.3446
94.7204
38.7456
25.6502
-4.90676
144.294
106.26
177.258
76.0638
-22.5482
137.51
184.788
139.816
144.813
244.908
18.9293
64.0421
187.855
125.555
88.3162
333.187
138.301
-24.0011
-30.9869
301.805
176.141
80.861
-7.84657
94.9942
0.546105
94.9111
138.882
-18.5374
88.5359
191.018
69.8711
57.8417
119.958
-24.7545
36.0816
138.833
289.703
-49.9196
70.2246
177.092
195.114
46.7843
18.4642
124.416
201.352
58.1686
81.835
176.149
0.567242
94.8997
107.215
144.967
81.4223
-24.7391
69.6207
43.9977
52.5152
151.399
100.916
174.14
243.469
152.419
-150.313
12.5734
95.0532
182.035
268.598
-10.2735
159.513
138.874
62.8568
82.9118
17.9502
77.2759
164.366
123.701
88.4386
38.0222
33.7199
206.343
38.4793
201.509
63.4952
138.421
357.277
347.757
220.222
144.903
108.116
113.477
35.9055
156.982
132.367
38.3858
-1.14614
94.539
138.193
155.106
134.96
75.7371
120.799
246.18
-93.7999
170.347
121.776
67.5108
5.24399
80.9772
284.974
-5.79961
172.044
-86.6969
36.2747
-33.7864
80.2425
61.5089
31.7707
13.1153
-33.1553
-57.1752
77.8583
76.3487
2.17675
63.89
33.2579
-112.489
113.336
72.2351
6.86808
-81.0397
295.878
190.986
-82.5236
-45.615
199.457
45.5205
39.804
13.2952
64.1665
39.5147
-26.1395
71.4018
24.4463
118.313
74.9236
138.355
-2.77349
-5.94285
112.232
138.827
130.411
101.242
38.8318
-11.8836
42.4181
81.4991
50.3067
-36.3124
113.463
50.91
-13.5594
135.176
119.675
0.0330848
132.924
248.211
214.417
106.849
119.735
182.501
54.5704
-11.9922
220.034
-44.4209
-20.5995
76.4515
5.25479
57.6149
44.7047
-68.8172
165.845
25.5346
1.59666
50.0327
62.9056
138.566
54.807
106.006
-87.2196
23.2982
76.1117
-43.0935
62.2595
24.604
132.297
139.22
-18.5425
115.233
214.724
88.4872
111.144
221.278
144.995
-12.3132
94.3914
-80.7222
90.1188
-18.948
113.559
-6.42993
54.8523
-51.3677
119.725
200.244
132.175
291.869
13.1429
91.9979
159.265
120.329
102.353
50.999
81.4123
138.573
130.544
42.3405
105.755
-5.809
124.795
7.34848
70.6939
50.7856
133.564
84.5694
-26.7642
111.239
75.5601
25.7164
31.2856
75.5655
62.8865
30.0981
-156.956
168.306
163.344
120.991
186.707
232.727
107.031
57.0711
150.832
68.5426
75.4465
217.834
105.778
83.4226
-7.69289
136.934
229.637
57.8217
31.3188
88.23
56.7304
120.394
113.692
111.341
150.67
94.2426
69.434
75.9197
-42.6273
137.41
-138.448
44.6606
19.2849
74.4812
-2.36594
25.6079
50.773
-35.85
6.78121
-11.9826
-74.9361
-24.7393
69.3446
162.328
80.6104
-11.1799
207.859
112.406
69.4399
136.331
163.371
9.59125
88.1771
25.2944
29.9694
-12.0064
144.792
6.67966
69.5607
107.885
50.4269
127.161
39.0595
23.9043
-0.802005
-75.0014
-68.9277
-68.9067
168.582
-24.6917
14.9752
132.182
249.876
188.485
111.957
138.958
35.4729
213.912
21.4711
82.0269
150.643
276.391
169.832
358.084
154.983
131.246
276.823
195.327
44.4042
152.362
-94.0668
206.405
88.9393
144.876
88.0755
183.562
-15.8687
115.834
87.7291
-70.1852
164.363
-18.2752
105.277
270.425
143.668
105.699
74.3206
69.3292
117.257
13.8382
76.2432
187.421
69.3873
156.374
100.894
121.495
97.3124
339.084
138.542
68.4723
105.566
182.697
138.326
155.952
119.811
100.572
75.626
219.873
195.744
-6.05574
144.783
182.82
195.011
80.2649
238.505
105.104
19.12
30.254
75.6608
36.8145
0.280914
183.779
39.0232
31.6027
-43.3499
138.496
31.4032
144.762
314.135
68.6103
31.8622
69.5211
157.563
75.9074
137.34
169.978
106.304
157.357
206.699
138.366
155.995
255.769
-37.8758
56.7097
94.5323
270.46
88.067
146.892
71.3515
212.888
100.542
99.2637
109.536
64.6881
157.466
238.934
-104.321
74.4786
88.1431
81.4595
194.543
206.815
56.4904
131.621
-107.854
41.7902
38.0232
188.34
74.416
181.547
145.551
118.834
120.499
22.0511
-62.6193
169.629
72.42
182.574
119.645
209.284
219.668
105.933
126.085
29.3802
81.7143
131.586
43.112
119.589
113.12
203.835
206.603
51.3587
164.69
174.334
117.627
207.865
314.726
220.182
161.976
166.935
-31.2301
213.064
144.89
106.61
75.1942
119.565
215.122
234.747
13.1131
191.678
44.3533
5.58255
100.73
38.1085
123.214
-63.735
132.425
63.2071
69.4307
61.4225
360.745
60.1721
169.455
244.326
112.892
113.505
219.855
63.1363
52.1347
-26.1004
-43.7678
-0.335922
57.9872
75.6547
-87.5752
84.3033
182.534
239.144
226.233
74.505
82.2296
50.5871
126.031
80.4724
-124.768
35.6956
6.8469
25.5641
151.612
162.158
82.0477
100.386
31.148
30.9528
267.342
68.8599
113.442
33.9376
13.1381
69.2519
174.984
150.877
125.436
-18.3134
81.9422
120.64
-20.7736
81.6049
183.743
-68.8302
37.4807
100.282
9.29812
-5.89971
112.452
132.182
-81.4098
231.764
190.012
-5.92489
76.0566
37.4829
201.421
-36.9065
-12.7635
157.482
135.293
-64.2788
-13.6964
99.9248
289.356
195.091
12.2848
69.2656
72.2993
19.0393
213.986
-170.975
68.6767
85.8697
201.811
206.072
12.3344
-31.11
-19.4444
70.8312
138.269
188.611
178.284
88.1003
131.447
164.027
226.793
187.526
256.37
124.897
94.0959
82.4129
-0.457077
43.7674
162.862
-38.4851
-51.7249
55.7682
19.1885
-38.9057
-100.936
200.738
239.643
21.4837
95.3539
170.375
175.719
43.2792
233.823
351.989
206.292
-82.889
174.674
115.635
113.3
94.5861
37.6664
100.746
50.1652
88.1479
-5.92301
-31.0549
-18.3324
89.2116
125.776
92.9331
25.1723
11.4961
-27.8931
15.9651
100.636
-6.03373
196.36
86.4483
63.1684
-12.4587
-61.3711
200.997
56.7489
162.132
113.579
253.141
339.554
178.28
101.216
50.4793
17.6767
118.456
68.2272
-0.238303
52.6742
82.1544
12.9083
154.128
134.138
31.5512
-76.6749
252.205
242.946
-18.1211
56.6326
106.221
226.333
155.192
-65.7008
97.9101
61.711
278.775
263.908
66.8002
-55.1386
131.961
277.592
-32.8934
75.4937
30.0941
112.019
23.5636
68.4365
208.748
198.646
115.529
-19.7854
182.933
287.617
217.839
219.545
60.5892
107.1
92.1215
151.092
87.0675
101.798
-100.262
111.865
-32.6478
50.5114
219.636
37.7387
143.744
94.6485
213.927
22.982
163.632
56.9603
132.268
232.302
165.033
-52.1302
54.3835
184.431
278.095
121.784
20.6771
383.793
194.845
94.1123
0.227133
169.895
232.626
26.41
5.67328
225.448
195.203
105.955
224.486
75.6114
150.901
5.82836
193.527
19.7549
59.0992
228.161
88.9481
245.321
86.9582
134.308
88.0406
30.5322
144.74
219.97
82.0153
207.733
-6.21302
158.3
12.9199
31.6436
108.065
114.364
48.4818
150.868
44.4869
96.8174
87.1972
217.975
44.2038
113.424
112.296
140.549
247.352
81.6295
37.7193
2.36259
168.674
12.6675
94.6439
169.744
42.0198
100.759
93.9828
119.237
118.507
201.513
127.169
245.62
231.002
170.206
125.637
223.761
308.038
-106.52
183.732
-63.4033
0.323805
165.731
125.224
-116.82
-13.8799
121.216
-49.8584
150.345
11.1687
113.429
229.829
113.316
194.381
132.179
-6.29909
106.991
250.238
50.4983
169.814
104.847
264.467
29.8011
132.131
0.11667
7.68787
32.317
132.872
221.326
215.817
-6.74579
55.6435
12.5873
92.6824
-94.1121
169.891
214.732
205.476
-76.7446
178.279
40.8205
212.707
112.45
56.6718
110.833
259.1
19.552
106.233
-169.595
62.2137
43.8299
190.076
184.257
232.37
93.4703
78.1006
171.995
207.201
152.345
93.3312
302.081
78.0361
125.856
63.9947
252.207
57.1963
-4.68983
63.0051
50.6825
288.369
11.7939
232.632
124.069
195.539
188.668
37.5995
251.487
69.3045
211.415
249.219
84.1949
213.139
213.845
70.3238
213.782
67.6787
253.217
-8.70672
244.847
137.452
117.212
125.983
219.841
44.1236
118.333
249.298
187.024
287.622
106.873
251.527
94.5688
107.52
213.771
56.2494
93.1037
258.882
152.812
230.873
107.379
117.418
-15.9516
206.854
130.841
176.019
182.026
50.459
-111.57
63.1446
87.463
0.175999
87.2654
114.422
62.9186
189.025
136.658
94.1315
123.954
65.0352
43.5252
-6.81156
176.258
4.16535
62.3043
188.7
63.1519
-6.27945
56.8716
67.9232
33.6577
20.1338
163.658
80.234
-37.763
42.4706
73.6789
57.985
73.7319
72.9011
77.1781
161.638
86.4289
36.6021
-12.4654
142.688
-29.8687
193.669
1.45909
49.306
101.297
153.046
188.667
118.415
258.616
97.755
202.003
125.956
104.293
63.574
-14.222
75.8301
203.544
280.769
251.219
270.984
-74.9015
-12.248
169.571
8.15057
155.93
219.631
163.361
245.28
-7.31511
164.407
43.582
69.633
93.64
24.7458
226.48
111.882
235.847
126.052
169.834
94.5013
111.034
10.8919
209.855
56.3535
196.788
107.082
98.0404
168.752
163.679
45.7077
92.9218
50.1725
-21.4404
-2.98607
12.8584
-0.397627
107.08
246.191
-32.5884
98.94
183.564
-38.6964
113.151
-45.7414
241.437
100.297
150.755
189.278
91.4129
189.585
48.5558
124.422
43.2092
79.5786
44.2015
25.4122
-100.781
114.391
26.8867
-32.2905
61.298
161.362
120.408
228.283
112.709
-38.2479
-18.7627
31.6344
137.707
263.252
-8.02318
50.6216
5.69698
137.981
43.2423
160.872
-6.20219
69.4091
14.1545
44.1872
78.8515
131.204
132.101
150.799
-37.4941
187.55
48.9859
60.2101
105.723
197.304
56.4964
130.695
-0.607727
-99.7898
50.0839
194.359
73.7005
30.2323
-4.21174
144.528
169.21
87.2142
64.0893
82.0431
36.3452
70.646
220.188
45.6102
226.733
67.7078
168.19
170.088
261.919
190.966
150.656
75.714
138.196
263.314
198.892
143.863
230.675
88.1335
182.42
187.506
126.276
150.837
124.145
85.5014
77.2892
187.701
148.317
-69.0729
33.2071
88.1207
62.9896
26.4881
254.938
199.672
31.5098
250.88
70.5218
120.867
36.1989
-26.1798
168.776
51.2959
-11.2087
173.444
68.5622
94.3334
118.691
73.7768
-21.9145
20.7821
44.7548
112.852
30.4654
-14.0845
131.822
17.4278
32.7078
-200.834
79.9429
106.098
19.2009
74.2014
36.2714
107.103
26.3501
78.3786
62.6191
74.0253
72.3728
105.175
36.4023
107.579
63.0445
215.295
354.547
-1.849
75.7725
132.98
124.513
211.401
88.2111
176.098
20.1545
20.1311
148.333
57.127
257.101
-50.7918
89.7522
0.25282
-25.7086
5.48492
62.0158
108.701
67.6053
22.0916
1.32239
124.908
299.619
287.678
75.7726
-37.8882
108.56
169.723
52.0607
12.7232
-15.9635
79.0768
34.3597
50.5023
168.483
44.0653
57.565
131.363
6.31783
124.158
202.583
55.1819
199.756
161.533
78.8354
66.6685
-4.43016
130.877
244.727
136.923
130.722
190.413
170.097
119.391
11.1341
89.3674
157.451
152.695
-15.726
233.38
120.63
125.374
93.2118
-18.6073
56.861
168.768
63.4703
61.0135
156.618
81.8037
156.871
92.2303
146.45
50.4029
50.3782
174.533
276.527
13.6852
4.70206
124.267
11.3895
169.884
68.7993
211.376
175.509
138.283
105.052
137.809
99.1525
-86.0869
153.983
-19.321
-115.809
75.4226
134.325
174.804
-6.91995
257.003
237.635
67.6917
53.7136
122.816
-2.80816
-103.109
-43.6478
-47.3351
111.518
33.9909
135.918
-106.935
49.1775
5.35944
-19.9117
145.21
156.523
214.358
25.0125
76.4983
56.0831
72.3564
54.6012
6.78074
-6.69757
23.3044
12.9394
61.2983
6.57006
11.5316
-19.4921
224.906
-89.8596
-70.3953
175.047
43.3725
192.199
190.847
124.316
17.3542
212.212
83.1169
-77.329
138.188
35.6711
68.6151
-81.9005
78.1658
69.0398
75.3114
55.3965
112.847
22.8611
81.8426
78.9436
11.4817
57.3558
175.838
61.5989
53.7428
118.833
155.258
144.068
125.069
141.664
110.52
133.044
39.0376
120.922
76.5563
63.3788
-80.399
130.106
181.37
-89.6598
139.078
30.0162
163.72
152.807
137.4
-31.6195
12.9867
-53.2923
86.6389
186.211
93.7471
80.6077
19.0192
224.534
131.056
231.715
-26.7548
199.387
38.444
-15.2416
115.768
174.569
25.2375
117.986
126.243
-15.1702
47.8095
166.827
62.6572
98.6547
73.9619
37.576
89.7984
51.4437
47.9085
23.6514
60.9653
280.999
180.746
181.244
-68.6907
106.929
-11.0565
190.874
18.1081
86.085
249.796
9.21043
-43.5848
194.078
46.8964
-70.9609
4.87223
102.153
-120.347
196.133
41.008
38.1303
-76.3867
139.019
238.369
26.0141
-59.4299
157.333
67.6206
93.261
-81.7979
177.402
50.2271
30.9615
-15.1453
112.245
56.1052
140.191
104.817
61.2695
131.86
-18.455
143.745
25.4443
88.0984
-41.2232
169.644
208.435
201.222
94.3252
122.318
-19.6214
254.87
36.1862
-4.17171
44.3593
167.743
18.3503
87.9954
35.2397
-37.8249
54.3611
-8.92467
54.5955
111.405
10.8932
62.7043
87.0606
151.055
60.4002
90.1966
146.537
36.2566
-0.78271
186.356
169.541
123.891
-59.2679
103.548
6.15487
30.4022
69.2753
23.0724
173.717
-33.9911
-7.0972
62.7934
106.715
216.729
-42.945
110.656
200.939
103.815
176.833
43.5872
91.5225
136.766
105.335
-25.9671
66.7988
55.7393
54.8103
88.0342
43.7202
183.014
138.647
70.6014
225.849
23.1451
82.7138
83.2398
193.851
245.854
56.7128
36.5724
-102.05
-55.9146
116.898
336.624
93.1327
181.821
241.829
14.7917
98.8888
75.2442
186.031
240.285
169.919
10.7544
249.061
61.4145
-8.41179
260.111
199.477
-90.8156
116.802
206.283
85.5203
110.065
-53.4893
75.5382
-114.286
65.5932
-1.6592
193.364
-34.004
43.3087
80.1296
-6.62861
-25.329
28.7581
-76.2404
81.7835
112.959
-55.8718
136.232
173.474
156.651
24.9063
193.801
72.6365
135.222
177.576
79.0657
144.769
121.062
277.283
39.1349
134.029
162.265
-81.3842
286.422
-26.4111
-26.8845
-112.826
251.217
-57.7878
43.8227
9.70001
129.34
211.788
170.542
29.6613
107.087
267.585
-89.5694
130.504
6.82878
194.313
246.427
107.629
170.426
16.4322
224.959
-79.3768
30.0271
-100.46
22.2464
-49.5174
46.9765
76.5359
119.12
154.471
141.489
13.0366
74.271
88.9823
34.0864
-81.7889
45.5855
-46.8479
-26.8437
113.701
22.4563
203.174
195.57
147.568
219.678
76.3921
117.726
82.0539
-153.431
-12.8318
41.8595
198.502
82.5628
41.6318
86.7346
193.494
121.348
101.039
12.09
118.17
76.2296
136.5
135.989
31.2505
40.6117
157.157
-44.9737
69.8241
-16.7717
180.559
48.5832
143.291
141.06
160.654
119.254
68.1995
124.175
198.717
112.09
-72.4757
149.475
-71.2963
149.394
94.6596
61.5397
57.2337
37.0094
-136.648
274.999
99.4657
-43.0994
12.981
111.09
86.4379
57.5702
81.9136
54.2908
273.515
-98.6757
103.923
36.2074
-32.5813
92.4285
125.377
92.5259
223.379
-33.2181
13.6135
95.7824
62.5852
-21.8247
70.4107
11.796
-99.0474
38.4621
-64.9209
280.946
132.29
-17.6209
277.212
132.774
81.4018
113.961
230.984
138.274
85.5847
132.831
37.7908
-25.3434
85.0696
43.23
219.179
161.853
210.545
67.3558
-17.8052
269.535
243.357
-6.9682
36.9713
62.3794
119.258
-145.502
141.93
110.886
63.0063
68.2958
153.697
-58.4343
217.056
116.784
33.4773
67.4335
104.641
113.876
151.948
-22.9602
-107.518
47.1731
206.311
115.033
273.393
140.306
13.1541
14.4307
187.794
168.165
190.406
220.512
72.898
126.801
69.7691
-68.8983
206.003
-19.5691
74.9988
10.9123
178.813
15.0867
-2.85689
26.0988
55.3577
3.82097
124.734
10.8393
74.9335
-2.20731
107.015
214.145
215.117
221.634
73.724
43.1549
70.3507
180.508
128.962
-23.9477
-31.4069
156.055
44.2168
55.7066
55.4872
246.602
-42.884
-162.543
41.779
192.709
219.71
175.354
46.8894
142.673
-108.53
65.2123
21.0686
10.993
-20.6235
99.7731
96.3034
18.1915
-95.0636
-38.6799
-53.2978
137.9
99.0466
126.117
-70.856
-45.2524
212.792
-1.14983
76.2181
96.5086
-118.756
121.722
46.2641
153.268
12.6041
85.976
68.2102
37.9985
268.413
55.5387
-114.893
136.655
176.445
2.35436
125.31
22.6102
-82.5442
125.518
99.2862
128.986
205.893
-46.5561
128.474
231.535
275.69
45.7477
-49.7591
161.629
124.255
88.0082
128.814
-41.1584
68.082
41.1961
-88.0942
182.032
149.7
140.237
16.9437
-39.5234
200.631
48.7346
57.285
63.4725
-152.582
275.892
-40.7316
29.7058
76.4536
5.16018
-25.5947
106.81
75.9387
174.771
85.8462
29.7094
88.94
142.828
101.378
55.7317
235.474
48.0533
176.637
126.194
212.676
-64.6928
141.042
-37.1563
-88.3211
-51.1337
163.565
-13.051
-1.10595
51.1856
69.9866
-19.9912
92.9348
137.292
-91.9276
163.102
150.685
50.381
41.0863
0.0282601
-66.7031
18.5505
-60.5492
-54.521
49.756
140.383
-79.8003
155.723
30.3364
79.6029
75.1651
5.23051
-54.976
-62.394
176.732
200.905
164.371
56.9179
-70.5907
12.9977
-33.0524
272.995
187.589
102.87
46.6559
80.077
59.7872
92.5525
123.753
48.0219
17.3087
63.3401
-106.526
90.3693
-82.7717
20.5778
-17.9819
41.9105
247.749
136.768
-74.3577
92.9111
137.014
-40.2146
78.8434
74.2951
30.1164
262.248
186.748
79.8739
128.7
112.07
249.544
-57.7582
99.8132
-32.4144
-78.6533
17.4753
-204.297
123.719
138.619
145.925
54.54
-64.7005
39.2389
221.045
192.966
258.937
123.719
239.182
93.2426
34.5566
138.249
87.6899
17.2994
134.295
74.2281
-7.839
-51.1394
182.821
125.836
74.7595
42.2307
11.53
240.002
-77.2012
269.251
-77.1867
86.1653
-0.247174
169.685
205.583
343.588
6.33768
98.7945
49.0045
78.0334
194.411
213.881
170.964
198.943
89.5553
192.892
42.5714
120.651
69.8814
132.956
53.3195
261.56
106.655
198.345
98.7699
-10.1242
126.049
-39.1895
162.27
-66.5335
128.317
112.987
63.195
51.5263
34.8552
130.367
25.2894
220.019
138.312
174.228
111.346
86.7986
52.8722
-40.856
35.7932
153.025
66.9397
40.0022
156.735
222.488
132.889
25.5563
22.0804
277.697
30.3941
168.172
-39.5595
92.8412
184.885
326.802
255.955
180.627
88.4547
-113.204
156.694
26.3087
149.859
117.438
93.8614
100.753
144.64
56.6701
230.762
257.005
-139.272
86.7611
50.4955
136.644
86.1628
175.976
320.343
258.507
218.321
68.8386
19.9864
230.547
-5.6902
108.13
127.736
216.108
63.104
-82.0917
111.04
181.051
128.696
37.3421
222.323
125.433
301.538
1.91164
243.037
154.035
125.299
89.6473
8.0566
-116.329
192.182
61.8675
169.522
149.295
47.9201
98.5948
129.014
30.94
-17.8773
-46.3337
12.0452
-100.543
66.6468
161.361
212.54
131.489
139.065
190.772
88.2815
452.344
149.007
195.903
228.74
261.649
27.2405
181.944
132.017
144.851
-25.0576
270.841
87.9689
129.414
-163.61
71.0998
167.623
12.6822
337.833
157.84
138.168
119.451
41.3944
-27.4217
150.486
188.093
43.6446
60.6625
295.729
206.924
281.15
37.8641
100.122
-53.3192
78.7668
206.07
-26.5896
62.5918
212.966
-19.3669
29.5308
57.2599
-7.24459
-31.6165
150.308
19.2085
-13.0386
218.301
157.929
66.4212
87.857
268.455
7.04027
130.542
199.631
136.936
238.938
342.594
132.609
152.111
6.81491
44.7374
104.876
114.211
54.4345
294.01
333.222
56.2451
-42.5487
142.987
192.976
-39.0791
333.515
81.2487
199.217
100.374
130.322
104.89
349.114
161.066
85.9033
124.647
144.827
85.7447
68.5961
200.478
183.137
194.685
98.9216
76.4661
67.8001
232.668
106.557
-20.5265
189.209
10.9637
23.8314
69.1304
257.211
34.9326
173.575
125.382
45.3311
193.713
93.0402
177.993
275.426
19.6093
205.082
76.0032
27.0912
216.096
-18.1869
142.775
168.458
110.655
90.5231
337.597
219.83
201
5.08763
94.2454
130.138
110.288
275.701
67.1009
48.705
-88.1841
2.80715
-13.949
87.3177
